7
aeroway=aerodrome
85
1306995205
292716040
1214152714
1106228234
1235202073
742657050
1306995227
292599335
1221776427
1234721327
292587056
278486579
496415819
445082190
292622415
702048337
278976087
279101034
26121327
1214153328
1235206272
447549058
420785291
447565459
446317213
1235206306
264117411
278724772
447565478
264117418
1235226286
447549103
295232698
297525950
446317253
293560518
447549125
1235217608
450324170
500157130
447549145
1194803424
445067497
1316575986
292782836
25449723
292782849
431367944
292782856
445028107
292782875
263571752
1160030507
445082415
446319926
1204968765
445028160
446319940
1129572177
1204992344
1182454637
278727535
319309687
26058110
292622206
500666238
1128697729
293561732
292621713
293561758
492387754
1152888237
444063150
292715951
436639151
1214152641
264119238
264119252
1152888277
269567450
1214152670
1221776354
1235202022
264119277
293054446
aeroway=gate
85
292716036
279907335
1234721289
280078858
1306995211
702048270
702048278
702048287
416364576
446361636
1152888359
269524522
269524524
293055556
26122823
1204997192
1179868750
1205005904
1205005913
648999018
419846280
297525901
445082257
264117394
493571730
293057172
297525912
292716184
278724764
1235226274
1106138277
1182743206
899203246
428672190
1194803403
292302542
708249316
447549158
792698599
500157161
445082350
295232752
447565562
445082365
433469181
447565567
130219267
445028104
269522188
277374231
278485793
278582564
1187957544
292782898
292599090
445028157
292622153
433469258
280202572
269533016
277374296
1160030576
292715888
708249464
278727545
770666368
278583174
288239494
1235787153
430262163
1235787157
770666397
292622253
292622262
701338557
436639165
1152902603
292621774
264119251
445061076
264119258
1274592730
1103523820
26122738
450323964
aeroway=terminal
85
26122753
251059206
292621833
278728734
278486562
1204987939
26122790
1152888363
430855212
264119343
278486583
446361660
801924163
492334149
264119377
292716116
295232609
1205022818
1187957875
295232632
493571714
292622466
297525903
130213010
742656663
493571742
280205476
1131147944
292782765
297525942
1204988087
1205022903
297525959
1205022921
443981002
293560526
420160724
447565527
292970201
292622560
496415464
292782834
292622584
292782847
292622594
445082375
292782858
431367947
278728460
278485774
1274575125
292622623
708249390
1113023287
288193848
445028154
292782935
500143962
292782949
293564271
278484337
500657526
729859453
288193921
445028231
702048143
292782484
1128697751
1187134873
500666266
319309722
1235787168
1207060385
500918688
269523886
446361528
420776893
1187958722
292621787
1103523823
419274224
295231989
26122741
292621817
354963962
aerodrome:type=*
85
1274592775
292622857
445099530
1182469141
1152902681
1205022745
242027549
450323997
446361631
1179868708
412251686
279907367
1204997161
278486573
1234721327
295232564
293055541
1214152760
1214153284
1187956804
492815952
702048345
269525085
500157031
500157040
297525889
702048390
443980937
264117393
493571732
445067420
431947936
1131147937
1194803363
280205477
435206314
445082286
1129478833
292782778
297525949
450324162
292782794
450324177
1214153429
708249302
1298385113
1129574619
1235217636
447549159
295232744
1295083241
445082361
445053689
292963585
445053725
447565600
1274575136
292782881
1204968765
278727491
280202570
288193875
708249444
1219138415
500657520
130216304
292621711
770666388
1235213732
292584361
269523889
293561778
1214152626
1207060412
96490441
436639179
1204958156
446361550
501766616
269567449
1103523804
269533671
419274220
436639224
702048250
aeroway=heliport
85
416440325
702048264
292963852
292958734
278728734
278580769
1103513123
450324012
444058669
292358192
444058674
1129559612
445099586
417995844
1179868744
450324051
702048342
279906910
1204987999
292716129
445088867
702048365
279907437
1205022835
418194549
26121336
130212987
1205022844
648999045
1194803338
293055645
447565476
493571760
269524145
278974130
269524148
431947960
742656702
295232705
708249292
445067471
443981008
500774646
292970250
279907095
277374250
1204960555
1187958573
500335405
278726963
648996155
708249403
263571772
278727487
293054275
130213701
269533005
292622672
293054296
292782946
130216293
445032807
292275564
130216302
1219138418
130216311
269522296
288239495
279907210
500918677
292782488
444063145
1207065522
436639156
1316566975
264119232
1234721218
436639171
264119238
445099471
264119250
269567449
1235213786
1235202024
279907320
iata=*
85
1214153213
875810826
1214153744
279907365
293055531
279907375
292358192
293055538
500156978
419275318
293055552
801924163
1235202116
264119371
264117342
1204988002
1234721380
1205022823
447549034
1214153322
292621934
279906926
278728311
292782713
295232639
446320781
500143761
263576225
1235206306
1204988067
899203236
431947950
445067438
297525942
297525949
345292498
1214153429
447565526
446317272
279907044
445082340
295526648
1182447866
445053704
269522187
278728461
500657430
1214153503
292782881
292599075
445028131
263571752
445028145
738950965
445053755
738950972
445082427
445082435
738950984
770666327
269533023
288193903
446319984
292715889
445028213
500666238
430262150
430262153
293561739
742656914
292621715
1235213722
1234721180
1160030623
1316583843
1214153129
492387754
293561771
264119216
1204992445
1179868638
292622819
1316567014
1182467577
1187957245
landuse=military
85
280205842
26122772
445099543
264119331
1204987942
295232551
1204987943
1204997166
292358197
446361655
492334158
264119376
1205022809
295232614
1205022825
445082225
420785283
496415881
1147943052
1193634960
297525906
1298385044
278724769
1106138277
447565488
1235226290
1235206323
1235226311
493571785
295232721
447565525
500424408
292782814
1235226342
447549160
792698603
447565551
130219251
130219252
26122998
1214152953
446319870
445053705
1204960525
1204960528
130219301
1160030512
292622644
292622646
277374268
278727496
445028169
446319955
292588883
293054296
1219138396
1159958364
1129572195
277374311
500686189
292622703
292622198
708249466
295366032
292622230
445028246
1214153624
277374361
292715940
1103651754
292622254
292622266
292959166
445099459
1235213765
1235787210
292621778
1179868626
1235787225
1214153181
269567457
292621803
401573867
279907314
1182467572