7
aeroway=aerodrome
61
1104324865
1112924044
600798221
1074108178
250834323
603324057
373374493
1205766558
1103632673
603943713
603953697
374376100
1208599333
603324070
1104437284
1104427309
597568302
603953711
597568688
373442226
250833463
603953722
597568315
600752955
372939195
1103666494
1104631103
1208598970
597568320
374376131
603323588
603323209
374376654
1082565967
600752976
373362257
1082531024
251207251
269374802
1345855189
264358231
1208599128
373442009
600798170
264358234
1205766748
1071166816
372931937
372939236
265458532
1104445031
1082539240
1103647721
374791533
604625646
603954546
1082527476
374583799
374376697
1104590458
600743164
aeroway=gate
61
603942913
1103962114
600755333
250834311
264357257
600525706
1104437261
596174093
374736783
1104611604
373410071
374376857
374667162
374376602
596184219
1082534172
603954202
597568287
1162282790
600798118
1074033575
1345854632
1103644717
250833965
265458607
1080643632
603954609
1082565553
265458226
1104631093
1112924086
604624954
376320828
1103647677
1304793152
1112923969
1112924099
1208599363
372932037
1080638152
374377166
597568594
1345854678
603323223
265458391
1208599129
1304793177
373409630
600829278
596178656
601029732
372931813
1104423400
601029736
603943914
601031405
603324653
265458292
1112924023
600743161
265458047
aeroway=terminal
61
1208599298
1112358536
251698316
1082540943
250834323
1103647636
1080657556
1071030295
603954072
1103647643
1080614429
1205766558
1104587293
1112924064
1080607267
600798115
372932006
374580519
596178726
597568690
264357682
251369909
1112355253
597568695
1208599093
27114549
264357818
1163560378
597568317
374581950
376064317
264357312
603954111
374376386
265458374
1104445001
597567946
1205766859
1104590412
251369934
596178639
374376272
1304787924
603955542
1103682134
26023642
1208599007
250833760
1112356959
600829282
375981665
1103614182
373410025
603942382
374667508
1104313078
1205766519
600798201
373374458
1103647740
596178685
aerodrome:type=*
61
1082559746
373441795
1208599045
373409670
1208598920
265458191
600798096
1103666449
603323922
597568025
373341850
1104611575
603955741
264357277
597568033
1104590374
1112924074
265458474
603324080
603954225
264358067
597568309
1345825079
597568313
1074057788
264357437
1205774014
1304793149
374583361
374376645
603943879
372931786
1112924106
24959308
597568076
1345855182
269374802
1304793171
265458645
373374549
264357719
1104427351
1103678041
373409622
1103614172
1104631134
269374815
596178655
1304793184
269374819
1104433642
265458169
604625646
374376046
603943412
374699510
1104313079
1071035641
1080610426
1103644667
377059196
aeroway=heliport
61
597568645
373341832
1345854858
373441931
1112924043
1104324877
374581902
603323915
597568015
1104611473
250834059
603953693
376336286
264357791
604625439
1082573857
597568674
374580519
26023720
600823217
265458740
596178613
1080651957
601029751
373442232
250834235
264357691
1104314174
600761279
1103678024
603953737
1304793164
1162282828
1103666508
265458511
1103666512
1304931280
601007953
603942995
1304793172
1104631128
597568344
600752984
269374811
601029725
1103682142
265458526
40117472
1304793187
597568613
596178663
206991594
603953777
600743156
373441780
600990325
603942519
603953657
603324026
603955580
600743166
iata=*
61
603953664
600743169
1103962114
597568003
251698178
376081540
1103962118
250833796
1304922637
264358032
1345854867
251697940
603954582
1104427288
1104437272
600761242
1082522395
600525725
264357926
1104590375
264357417
1205766570
251698347
600798122
1104437294
372932655
597568055
1304997820
374377025
264357826
1103666497
372932291
603323588
603954633
600761289
603943885
1103678030
1112923986
1080615508
252057303
604625243
1104611420
1103678045
1208599262
603323229
1080637917
24960091
373409635
265458404
373374435
1088210788
373388519
375981674
265458284
1103614189
600752878
1104433649
374667508
264357749
1104631165
264357630
landuse=military
61
1071033984
376011265
1080608769
597568648
373341840
251697938
600755354
374581787
1103666466
596178723
376064548
597568036
603324070
600755367
596178728
26023718
374377002
264358061
1304931247
376014256
264357682
1103647667
1112355764
1345854644
603955638
600778293
1070999480
603953723
1112924092
1345824957
1071030462
250834239
596184256
1104631100
604624195
922495815
597568587
600823244
269374799
1205766865
373393364
376320852
372932308
1103614165
600798170
1103632732
372938718
1205774047
265458528
264357985
596178656
373409635
1205774049
372931942
265458160
26023792
264358258
1071206773
603323256
1071203705
597567996