3135
(1274939486, 1274939515)
(1330637251, 404735096)
(503706166, 503706167)
(1274939514, 1274939488)
(1237295860, 1237295860)
(464762408, 464762409)
(464755717, 464755769)
(1330250480, 1330250068)
(1032260646, 1032260694)
(392954326, 701143519)
(1272148947, 1272146123)
(1330250224, 1330250279)
(458580228, 458580224)
(356802820, 356802816)
(410351537, 410351538)
(482743731, 482743730)
(1274939502, 1274939530)
(1232665826, 1232665852)
(392953465, 718771576)
(100165894, 100165898)
(1131574735, 1131574805)
(998195278, 100166630)
(1272466663, 1272466660)
(1271610599, 1271610596)
(530789058, 1173286454)
(1131574859, 1131574837)
(1330250460, 1330250412)
(384994723, 384994724)
(390064888, 391277672)
(330341307, 1340357524)
(534789241, 534823167)
(100174629, 100174630)
(385014565, 385014566)
(503706141, 503706142)
(1272143787, 1272143785)
(464755680, 464755897)
(385013744, 689479797)
(506348129, 506348134)
(1131574883, 428671591)
(1167473376, 1167473379)
(503706219, 503706220)
(1131574894, 1131574845)
(464755771, 464755773)
(1284646423, 1284646419)
(1330250219, 1330250564)
(698090402, 457547315)
(1131574784, 1131574702)
(503706269, 503706272)
(385013748, 385013706)
(1272483344, 1272495226)
(1280631294, 1280631300)
(100166213, 100166204)
(100168513, 100168449)
(464757296, 464757298)
(390067648, 390067650)
(1280615257, 1271592764)
(1052277912, 1052278227)
(404737176, 530710653)
(888393441, 888393292)
(1271610602, 1271610598)
(506296062, 506296061)
(100167801, 100167790)
(1272498909, 1272462352)
(1131574771, 1131574677)
(1052277730, 1052277811)
(687060500, 687060342)
(26058739, 1242340711)
(503706177, 1271562002)
(336969867, 1242340692)
(100167741, 100167736)
(1131574756, 1131574840)
(687060568, 687060567)
(1110673652, 1110673555)
(1167473332, 1167473339)
(1271609165, 1271609163)
(1272500922, 503706168)
(1167473328, 1167473387)
(1340357501, 404735527)
(998240182, 390064887)
(506296058, 506296056)
(1315892727, 1315892714)
(1237293080, 1237293084)
(1272432647, 1272432539)
(356802816, 352646776)
(1272498909, 1272498922)
(1272466678, 1272466671)
(336969777, 336969780)
(1232540758, 1237289840)
(404735096, 1330213754)
(1110673710, 390279553)
(404737859, 458580252)
(1232229601, 1232229596)
(1103236636, 464755872)
(1103236581, 1103236577)
(534789259, 534789260)
(1052277823, 1052278367)
(503706195, 503706196)
(1103236649, 410351789)
(392953465, 1232540721)
(1131574854, 1131574879)
(1032260694, 1032260719)
(26058745, 26058746)
(457515544, 1232665826)
(1330213756, 1330213755)
(404735108, 404735107)
(1131574881, 1131574890)
(100167189, 100167185)
(1052277262, 1052278388)
(1103236650, 403618722)
(689479601, 689479589)
(503706267, 503706266)
(1315891218, 1315891222)
(410351798, 410351799)
(1272158081, 1272158083)
(1330250253, 1330250328)
(687060325, 687060324)
(336970066, 391284760)
(1272483369, 1272483382)
(1131574885, 1131574776)
(1167473313, 1167473316)
(1167473316, 464757325)
(100167757, 100167761)
(100168402, 100168403)
(100167736, 998195415)
(383979511, 384994721)
(457560239, 457560238)
(100174645, 100174637)
(689479589, 689479587)
(503706261, 503706260)
(26018663, 719013787)
(390280425, 534833608)
(26020482, 814271646)
(1068433656, 1068433670)
(399765504, 399764071)
(1272483379, 1272483370)
(1237289840, 402740883)
(464755810, 464755812)
(814271515, 814271414)
(1330250392, 1330250524)
(503706244, 503706245)
(464755818, 464755821)
(1330651038, 1330651042)
(1272495223, 1272495241)
(503706238, 503706239)
(404737172, 404737171)
(1272483346, 1272483371)
(404737928, 385013604)
(701191163, 701169134)
(391276866, 998240232)
(1052278185, 1052276341)
(1330250147, 1330250443)
(1315886935, 1315886921)
(1271574715, 1271574704)
(1030926683, 410351542)
(531585834, 457553791)
(1110673547, 1110673552)
(534789258, 534789259)
(391647754, 391647812)
(464755752, 464755743)
(26020367, 410351197)
(1131574874, 1131574731)
(689479583, 689479575)
(1167473378, 1167473324)
(1330250130, 1330250054)
(503706143, 503706144)
(1271614049, 1271614046)
(503706241, 503706242)
(100167788, 100167778)
(1110350198, 718791668)
(1052276542, 1052276576)
(1167473359, 1167473332)
(1131574866, 1131574791)
(1274931543, 1274931541)
(26020488, 26020486)
(1237293081, 1237293078)
(390067339, 534789257)
(1052276478, 1052276738)
(1330250268, 1330250243)
(404737854, 404737855)
(503706290, 503706291)
(26058946, 26058947)
(888393347, 888393498)
(534833608, 330341307)
(1272495266, 1272495217)
(399766336, 399766684)
(503706193, 503706194)
(1068433651, 1068433663)
(457553791, 1173286475)
(1052276971, 1052277823)
(457547060, 1105969492)
(385013742, 689479803)
(1272146123, 1272148948)
(1052276288, 1052278089)
(1103430947, 1103430960)
(1327589143, 1327589133)
(534823163, 534823164)
(1110673699, 457547298)
(26058941, 26058942)
(1330250385, 1330250207)
(1173286513, 457553791)
(1340357521, 1340357493)
(384994722, 384994723)
(503706206, 503706207)
(1232540721, 392953465)
(457547424, 457546942)
(1032260764, 1032260679)
(26019992, 26019990)
(1131574823, 1131574743)
(1272483354, 1272483381)
(457546997, 1110673659)
(464757254, 464757258)
(464755680, 464755686)
(1272495264, 1272483344)
(701134651, 701134654)
(1330250108, 1330250080)
(998240268, 391276925)
(1110673699, 457547354)
(994136199, 1103430984)
(1274939473, 1274939506)
(100164221, 100165425)
(384987364, 384987367)
(336969993, 336969998)
(503706149, 503706150)
(1330213775, 1330213763)
(464755799, 464755895)
(1330250394, 1330250562)
(410364073, 410364074)
(410351785, 410351786)
(1110673675, 1110673519)
(1103908542, 1103908516)
(1330250086, 1330250156)
(534833605, 392954113)
(534823168, 534823169)
(689479626, 385011812)
(1030926710, 410351547)
(404737177, 404737176)
(1330651031, 1330651069)
(1103431005, 1103430986)
(339535444, 339535452)
(1272495244, 1272495262)
(1272432618, 1272432577)
(336969973, 336969969)
(404737856, 404737858)
(1112966929, 1112966801)
(1232229596, 1232229605)
(1131574748, 1131574866)
(1167473383, 1167473333)
(1131574895, 1131574847)
(1280624167, 1280624169)
(26058751, 1272432651)
(1330646809, 1330646814)
(718791662, 1110350192)
(384987432, 384987434)
(336969936, 624293465)
(1272150657, 1272150653)
(503706280, 503706288)
(402740883, 1232569153)
(1284646429, 1284646426)
(1272500941, 1272500939)
(385015091, 385015093)
(392953851, 392953850)
(356803177, 356803182)
(100166774, 100166776)
(26018644, 26018646)
(464755873, 1103236599)
(1112967047, 1112966948)
(1103430992, 1103430966)
(998194419, 998195298)
(1330648420, 1330648438)
(1315892673, 1315892668)
(464757311, 464757314)
(100165906, 100165909)
(403627339, 403627340)
(390280983, 390280984)
(26018631, 26018633)
(391277666, 998240444)
(998240512, 1259871823)
(390280984, 390280985)
(100174630, 100174576)
(1272475186, 1272475188)
(1271616013, 1271616022)
(814271247, 814271515)
(1110673503, 1110673712)
(1232540776, 1232540767)
(718791797, 503706302)
(1330638818, 1330638819)
(503706167, 1272500922)
(1103236586, 26020352)
(482743761, 482743760)
(503706207, 503706208)
(1068433665, 1068433662)
(1280621820, 1280618803)
(503706266, 503706265)
(26020335, 26020337)
(687060326, 687060325)
(687060501, 687060500)
(1103236648, 457547448)
(1131574876, 1131574795)
(336970050, 336970034)
(1167473291, 1167473347)
(1110673546, 1110673497)
(336969639, 339535442)
(1315886918, 1315886915)
(1315886923, 1315892666)
(1052276271, 1052277640)
(1032260758, 1032260646)
(1131574780, 1131574701)
(1271574714, 1271598250)
(1110673532, 1110673484)
(339535463, 339535426)
(503706321, 503706323)
(1030913250, 1030913246)
(503706274, 503706273)
(384987434, 457546997)
(1207551498, 1207551470)
(428671591, 1131574821)
(1167473348, 1167473302)
(458580353, 458580348)
(998194560, 100167688)
(385010593, 385010594)
(336969676, 336969679)
(506297909, 506297910)
(1103236625, 1103236608)
(534789242, 534789219)
(26020323, 1110673648)
(534823171, 1272483367)
(1167473367, 1167473371)
(1131574801, 1131574779)
(503706191, 503706192)
(456863180, 403626877)
(1280621833, 1280621836)
(391647753, 399765472)
(456863242, 456863243)
(456854750, 456854752)
(1330250055, 1330250086)
(26018641, 26018644)
(457547315, 457547362)
(100168463, 100168453)
(1110673691, 1110673622)
(1131574776, 1131574856)
(1103430929, 994138118)
(1131574845, 1131574911)
(1167473390, 1167473304)
(392954259, 534833605)
(330341309, 402749046)
(503706201, 718791770)
(1330213783, 1330213781)
(1272495260, 1272495259)
(503706268, 503706267)
(687060324, 687060323)
(1030913357, 1030913311)
(1330651052, 1330651068)
(464755773, 1242340730)
(701089651, 701089653)
(687028331, 687028333)
(100168431, 100168429)
(1231360273, 1231360275)
(1330250334, 1330250394)
(1330250284, 1330250107)
(1030945311, 1030945256)
(1103908496, 1103908484)
(456854760, 456854763)
(1272498912, 1272498904)
(456863241, 456863242)
(457516994, 457516995)
(403629118, 403629119)
(998240540, 998240218)
(403629523, 403629524)
(1330651072, 1330651073)
(100174572, 100174575)
(1167473334, 1167473357)
(1103430986, 1103430961)
(410351556, 410351730)
(330341305, 330341306)
(1272465313, 1272462373)
(336970045, 336970038)
(336970069, 336969904)
(718791373, 1110350195)
(464755803, 464755810)
(403618726, 1103236634)
(456863227, 456863228)
(100166626, 998195278)
(1231315148, 1231315144)
(403626877, 403626878)
(1232540721, 464758656)
(391276720, 998240226)
(1272498920, 1272498911)
(1131574753, 1131574738)
(1108247104, 1108247078)
(329971158, 1103236584)
(26020316, 26020314)
(1103908487, 1103908491)
(1052277374, 1052277912)
(1131574867, 1131574793)
(1272140550, 1272140551)
(1330213780, 1330213772)
(701175084, 701089658)
(998194781, 26019988)
(410351547, 1030926704)
(1232229617, 1232229621)
(464755760, 464755705)
(1131574671, 1131574864)
(410364067, 410364068)
(503706291, 503706238)
(1280629080, 1280629075)
(1272151550, 1272151546)
(687060478, 687060474)
(464757250, 464757254)
(1330250283, 1330250184)
(1330250170, 1330250269)
(100166778, 100166780)
(998240337, 391276856)
(503706254, 503706255)
(624265133, 624265161)
(1330637239, 1330637240)
(26058731, 26058732)
(1110673576, 1110673637)
(26020319, 26020316)
(1074045118, 1074045132)
(503706169, 1110318544)
(100174571, 100174629)
(330341301, 330341302)
(100168797, 100174751)
(391276867, 998240321)
(701002139, 701175083)
(689479576, 689479606)
(503706331, 457553762)
(100167192, 100167189)
(384994724, 384994721)
(1131574736, 1131574887)
(1271600890, 1271600876)
(1024974632, 1024974618)
(1232569164, 1232569122)
(464758656, 1232540758)
(385015089, 385015091)
(457553770, 457553771)
(1259871823, 390064887)
(1272500949, 1272500923)
(1131574913, 1131574861)
(1103908514, 1103908505)
(100167695, 998195091)
(390064892, 1259871802)
(1110673586, 1110673450)
(1167473369, 1167473367)
(1330250356, 1330250179)
(1131574685, 1131574899)
(26018652, 1032260714)
(464755869, 464755871)
(1052276341, 1052277224)
(1272150655, 1272150651)
(1330250310, 1330250132)
(26019975, 26019978)
(392954255, 392954258)
(1315892668, 1315892696)
(399765499, 399765504)
(1110673554, 1110673527)
(1330250524, 1330250341)
(458580252, 404737860)
(1103100937, 1103100935)
(390064888, 1259871826)
(336969743, 336969753)
(1330648415, 1330648430)
(26020337, 26020340)
(1105969470, 1105969489)
(100168392, 100168391)
(1110673731, 1110673661)
(464755880, 464755879)
(100166749, 100166745)
(1315887617, 1315887616)
(1315886914, 1315886926)
(687060479, 687060478)
(1110354851, 1110354855)
(26020013, 26020010)
(336970052, 336970050)
(26018639, 26018641)
(689479800, 689479794)
(1330250174, 1330250563)
(100168409, 100168408)
(404735493, 404735495)
(464757242, 464757245)
(506297902, 1232229607)
(403629115, 403629116)
(1330250369, 1330250292)
(336970034, 336970049)
(464755897, 464755799)
(503706154, 503706155)
(503706302, 503706304)
(392953847, 392953846)
(26020022, 26020026)
(1340357509, 1110673646)
(100167207, 100167205)
(1330646819, 1330646813)
(1024974618, 1024974735)
(392954603, 392954602)
(1030945317, 1030945311)
(1330250243, 1330250582)
(392953383, 718771576)
(1330250115, 1330250219)
(1131574797, 1131574725)
(1272148945, 1272146136)
(1110673651, 403629120)
(998194366, 26019986)
(534789206, 534789205)
(1272500947, 1272500949)
(1340357476, 1340357533)
(100168440, 100168446)
(464755812, 464755815)
(503706323, 503706325)
(687028368, 687028323)
(1232569122, 402741790)
(814271775, 26020367)
(392953599, 506297905)
(1242340703, 336969772)
(100174564, 100174572)
(1052277770, 1330250222)
(100168778, 100168769)
(402740883, 402740877)
(392954600, 392954599)
(410351197, 410351267)
(410351795, 410351796)
(404735110, 404735109)
(1167473326, 1167473334)
(1272432539, 26058752)
(1272432651, 1272432647)
(1271600886, 1271600889)
(26020342, 26020345)
(336969805, 336969815)
(1167473343, 1167473383)
(1103236599, 1103236581)
(1131574760, 1131574669)
(1173241149, 457553813)
(1110673519, 392954442)
(464755827, 464755835)
(464757275, 464757278)
(464755879, 1103236593)
(1272462385, 1272462349)
(399764051, 399764055)
(1131574738, 1131574888)
(1167473357, 1167473344)
(100174576, 100174630)
(1280631292, 1280631295)
(687028342, 687028343)
(1330250074, 1330250356)
(1330637255, 1330213752)
(506348127, 392953908)
(1232229588, 1232229616)
(998194997, 26019982)
(464757286, 1167473320)
(994137950, 994137454)
(1030913318, 994138118)
(1237293062, 1237293052)
(404735474, 404735342)
(1052276404, 1052276256)
(336969767, 1242340703)
(100168429, 100168436)
(1271616036, 1271616031)
(1271574692, 1271574718)
(503706262, 503706261)
(1074045111, 1074045113)
(1271598250, 1271574719)
(456854763, 456854765)
(1030945269, 994137338)
(1103908542, 1103908489)
(1280621822, 1280621814)
(998194485, 998194366)
(1272498904, 1272498915)
(1313346651, 1313346664)
(1052277827, 1103430929)
(336969801, 336969805)
(390280988, 383982442)
(457555638, 390067729)
(1103236579, 1103236641)
(403626762, 456863180)
(1232665819, 1341967283)
(1272484091, 1272500941)
(624265108, 624265116)
(1232229638, 1232229623)
(1272483368, 1272475186)
(390067652, 534823158)
(410351382, 1103236582)
(1052277043, 1052276427)
(339535452, 339535442)
(1330250234, 1330250158)
(1271574712, 1271574694)
(100174632, 100174633)
(1231360283, 1231360273)
(1103908490, 1103908526)
(1110673555, 1110673529)
(1330250222, 1052276419)
(26058754, 26058939)
(503706265, 503706263)
(26020490, 26020488)
(26020331, 1110673457)
(503706234, 503706235)
(464762363, 464762363)
(392953913, 998240224)
(503706147, 503706148)
(506297897, 506297895)
(26018635, 26018637)
(392954258, 1108247104)
(100168400, 998240272)
(1330213762, 1330213766)
(1068433658, 1068433660)
(719013708, 719013714)
(1167473320, 464757287)
(1103908532, 1103908517)
(1110673632, 384987432)
(701169136, 701169137)
(1131574882, 1131574813)
(1330637244, 1330637246)
(701089653, 701089654)
(26019979, 26019976)
(687060327, 687060326)
(1271574696, 1271574710)
(26020472, 814271386)
(1274939484, 1274939496)
(1110350192, 1110350198)
(1272465313, 1272468968)
(1274931541, 1274931530)
(1052276547, 1103430963)
(1232229616, 1232229594)
(464755799, 464755803)
(1103236590, 457547432)
(701143511, 356803111)
(503706269, 503706268)
(1103236624, 329971216)
(503706218, 503706219)
(1340357446, 1340357544)
(26058949, 26058950)
(1330250462, 1330250345)
(100168767, 100168773)
(1131574733, 1131574704)
(392953691, 402740109)
(391647752, 391647753)
(1131574690, 1131574902)
(464755824, 464755827)
(1131574786, 1131574760)
(392954090, 392954092)
(1327589149, 1327589163)
(1274939510, 1274939475)
(1052277463, 1052277859)
(1330250080, 1330250186)
(1030926687, 410351543)
(530710654, 404737177)
(457547455, 457547477)
(1330250325, 1330250444)
(1068433657, 1068433667)
(998195199, 998195484)
(1103908519, 1103908515)
(701089654, 701089656)
(530710610, 457553785)
(1242340713, 1242340738)
(100167778, 100167784)
(1068433653, 1068433655)
(1131574878, 1131574754)
(339535442, 339535463)
(503706185, 503706186)
(464757321, 464757322)
(1103430992, 428671578)
(1167473293, 1167473299)
(1330250269, 1330250331)
(534789255, 534789257)
(464755847, 464755849)
(503706202, 503706203)
(1068433659, 1068433652)
(503706189, 503706190)
(100165909, 100166626)
(26020317, 26020320)
(100168457, 100168471)
(1330250309, 1330250159)
(1167473339, 1167473355)
(384987367, 384987370)
(1271616015, 1271616009)
(26020480, 26020478)
(1330250146, 1330250309)
(1237293500, 1237293063)
(1173286475, 1173286451)
(998240226, 998240337)
(1271574693, 1271574717)
(1131574701, 1131574913)
(100174565, 100174564)
(26020028, 26020031)
(404737853, 404737854)
(1167473388, 1167473293)
(457547153, 457547156)
(356802961, 356802964)
(1340357533, 1340357473)
(1280631302, 1280631298)
(1274939490, 1274939491)
(26020007, 26020005)
(1112966842, 1112966865)
(1167473358, 1167473300)
(994136923, 994137737)
(687060339, 687060338)
(100167761, 100167786)
(1330250345, 1330250115)
(392954088, 392954090)
(336969980, 336969973)
(403626762, 383981902)
(1131574849, 1131574761)
(1330250246, 1330250540)
(336970060, 336970058)
(464762407, 464762408)
(336969938, 336969940)
(464755882, 464755881)
(26020340, 26020342)
(1167473368, 1167473350)
(392954113, 392954253)
(26019989, 26019991)
(719013643, 719014070)
(1131574687, 1131574774)
(1103908551, 1103908535)
(1315887622, 1315887621)
(687060474, 687060473)
(530789057, 1173286517)
(1052278520, 1052276819)
(1207551466, 1207551499)
(687060562, 687060569)
(456863213, 456863214)
(1330250522, 1330250117)
(390064887, 998240268)
(1330250140, 1330250170)
(349946477, 356803177)
(1068433661, 1068433658)
(998240272, 100168402)
(464755842, 464755844)
(403618724, 1103236650)
(404737175, 404737174)
(1330646806, 1330646821)
(687060480, 687060479)
(457547123, 457547060)
(404737855, 404737856)
(1030926711, 1103236587)
(26058749, 1272432618)
(1272432634, 26058751)
(482743760, 482743759)
(100167700, 100167698)
(428671587, 428671588)
(503706211, 503706212)
(1112966948, 1112966823)
(410351377, 410351379)
(456854749, 456854750)
(402746347, 998240290)
(1030913309, 1030913301)
(26020026, 26020028)
(718791580, 718791599)
(1271616032, 1271616011)
(1068433655, 1068433664)
(1330651068, 1330651072)
(26020341, 26020338)
(701048787, 701048788)
(1330646803, 1330646804)
(701048783, 701048785)
(1242340711, 26058740)
(503706176, 503706177)
(464755740, 464755839)
(1271610598, 1271610599)
(994137675, 994136619)
(100166204, 100165904)
(1110350197, 718791580)
(410351548, 410351543)
(26018629, 26018631)
(1110673435, 1110673702)
(1284646428, 1284646421)
(998240491, 100174743)
(1330250225, 1330250198)
(1131574702, 1131574799)
(1330250540, 1330250379)
(1131574739, 1131574710)
(392953501, 392953465)
(399764062, 399764068)
(464757272, 1167473321)
(1024974577, 1024974632)
(506297910, 506297911)
(994137873, 994136619)
(464757281, 464757284)
(687060487, 687060505)
(26058740, 1242340733)
(1272158094, 1272144876)
(503706184, 503706185)
(464757320, 464757321)
(26058734, 26058735)
(1231360273, 1231360281)
(1330250244, 1330250083)
(534833609, 390280658)
(1330250136, 1330250240)
(1110673723, 1110673705)
(718791789, 718791797)
(1271610600, 1271610597)
(26020315, 26020317)
(1341967696, 1341967697)
(404735094, 1330213763)
(503706272, 503706273)
(1259871812, 1232229628)
(336969964, 336969947)
(1330646804, 1330646819)
(385009964, 385009965)
(503706188, 503706189)
(1330250319, 1330250432)
(1274911984, 1274911988)
(1110350195, 457553770)
(1103236645, 1103236631)
(1272500924, 1272500921)
(390280987, 390280988)
(1232569153, 1232569122)
(1052276743, 1052276547)
(336969881, 336969885)
(624293465, 336969938)
(506297904, 506296062)
(464757228, 1110354853)
(1052278089, 1052276253)
(458580269, 458580275)
(26020484, 26020482)
(1105969421, 1105969418)
(457553779, 457553780)
(994138456, 1030945269)
(456863173, 456863171)
(391649011, 391649012)
(1131574833, 1131574898)
(26018620, 26018622)
(1131574700, 1131574747)
(457553762, 530710633)
(410351797, 410351798)
(698090414, 392954308)
(1131574667, 1131574894)
(1110673484, 1110673667)
(457546963, 1110673557)
(1315892666, 1315892687)
(1030913296, 1030913253)
(464755686, 464755691)
(506299907, 506299915)
(100168404, 998240491)
(26020314, 26020034)
(391647812, 391647835)
(1131574769, 1131574808)
(1315886926, 1315886938)
(1272500938, 1272500923)
(1280621817, 1280621820)
(410351535, 410351537)
(402746348, 402746349)
(1110673715, 1110673648)
(1330250351, 1330250174)
(1274939530, 1274939507)
(701134654, 701143517)
(718791567, 503706310)
(1237295860, 1237293500)
(26020025, 26020020)
(1271612669, 1271612664)
(26020328, 26020326)
(1340357519, 1340357477)
(1030945314, 1030945306)
(26020486, 26020484)
(404735133, 404735474)
(1110673535, 1110673490)
(1237293500, 1237289840)
(1074045106, 1074045134)
(1110350196, 718791649)
(390064890, 998240278)
(1272500920, 1272501637)
(26058953, 26058954)
(403628171, 403628172)
(1315887618, 1315887623)
(352646776, 352646770)
(1232540740, 1232540776)
(1272500935, 1272500932)
(1315886932, 1315886918)
(391276859, 391276860)
(457555653, 457555650)
(1103430947, 428671576)
(1330250563, 1330250319)
(1207551470, 1207551466)
(1030913301, 1030913242)
(1131574681, 1131574789)
(391649015, 391649014)
(1131574853, 1131574830)
(687060335, 687060327)
(26019990, 998194781)
(1272475180, 1272475184)
(1103236619, 403618726)
(1131574856, 1131574756)
(1052276387, 1103908524)
(464755878, 428671587)
(1330250373, 1330250196)
(403629120, 1110354858)
(1271592764, 1280629575)
(701089658, 701143513)
(1131574888, 1131574777)
(1330213763, 1330213762)
(701048785, 701048787)
(1272462362, 1272465313)
(530710631, 457553772)
(1131574806, 1131574788)
(503706242, 503706243)
(1274924408, 1274924406)
(390067339, 390067634)
(26058743, 26058744)
(998195295, 998194890)
(1330250313, 1330250426)
(385013749, 385013750)
(464757260, 464757267)
(410351731, 410364012)
(503706308, 1110350198)
(402740870, 402740109)
(26020476, 814271597)
(1274939488, 1274939517)
(1242340692, 1242340718)
(1330250169, 1330250268)
(1271594567, 1271594568)
(1272146139, 1272146138)
(403628170, 403628171)
(385010589, 1340357501)
(1131574879, 1131574867)
(1330250276, 1330250354)
(410363857, 410363860)
(100168399, 998240577)
(1167473361, 1167473311)
(384987415, 384987424)
(1330250564, 1330250275)
(26019983, 998195364)
(1330648429, 1330648415)
(100174747, 100174749)
(1131574830, 1131574748)
(1032260658, 1032260685)
(26020005, 26020002)
(1167473387, 1167473389)
(701089656, 506348136)
(1272498922, 1272498916)
(100168478, 507948430)
(1104600972, 1104600967)
(100166776, 100166778)
(1052278036, 1052277770)
(1103236611, 1103236627)
(1052277264, 1052276627)
(100168403, 100168404)
(503706288, 503706289)
(456863185, 456863186)
(26020345, 1103236580)
(1052276271, 1052276542)
(1131574829, 1131574671)
(1330213752, 1330213764)
(1330638814, 1330638820)
(1237293050, 1237293062)
(530710630, 457553775)
(356802870, 356802816)
(1173286503, 457553812)
(1110673651, 1110673554)
(1167473321, 464757275)
(456863220, 456863225)
(26058750, 1272432640)
(1272498923, 1272498914)
(336969728, 336969735)
(482743758, 482743757)
(1030926685, 410351544)
(1109624603, 503706149)
(530710633, 457553764)
(1103236620, 26020348)
(503706239, 503706240)
(1030945276, 1030945272)
(503706208, 503706209)
(506348128, 506348129)
(687060565, 687060564)
(410351738, 410351739)
(26020006, 26020008)
(1271574694, 1271574696)
(503706196, 503706197)
(506297908, 506297909)
(392953849, 392953848)
(457547386, 457547382)
(1330213755, 1330213779)
(998240444, 390064918)
(403626877, 403626891)
(336969947, 336969956)
(1131574795, 1131574868)
(1103236577, 1103236639)
(1272503548, 1272503549)
(390067649, 390067652)
(464755886, 464755885)
(998194890, 26019983)
(1315887613, 1315887617)
(1330250328, 1330250211)
(1280631297, 1280631292)
(482743759, 482743758)
(503706227, 503706228)
(100168773, 100168771)
(390279552, 1110673710)
(1280631299, 1280631297)
(719013787, 26018669)
(464755890, 464755888)
(998195336, 998194419)
(1030913235, 1030913250)
(689479575, 689479579)
(1274939517, 1274939514)
(464757269, 464757272)
(1131574804, 464757242)
(356802984, 356802989)
(1052278157, 1052276621)
(1052277825, 1052278157)
(100168410, 100168419)
(464755872, 1103236621)
(1052278227, 1052276665)
(330341302, 698090406)
(1110673692, 457547001)
(404735103, 392954602)
(1173286454, 530789059)
(994138402, 994137296)
(1315886924, 1315886932)
(719013701, 719013708)
(1074045134, 1074045138)
(998195262, 998195336)
(457553812, 1173241149)
(1052277318, 1052276628)
(1103908516, 1103908511)
(687060342, 687060341)
(391276858, 998240440)
(100167784, 100167768)
(1271616021, 1271616033)
(1032260727, 1032260736)
(464757200, 403629530)
(404735105, 404735104)
(100174569, 100174566)
(392954327, 392954328)
(1272503549, 1272503547)
(1131574911, 1131574859)
(392953501, 1232569170)
(1271616033, 1271616013)
(1103684018, 1103684027)
(100165885, 100165888)
(1131574754, 1131574903)
(1330637248, 1330637254)
(403618722, 1103236611)
(100168771, 100168797)
(391277671, 998240342)
(26019999, 26020001)
(994137583, 994136076)
(1108247117, 1108247084)
(1110673726, 1110673658)
(392954111, 392954109)
(718791599, 1110350196)
(1232229605, 1232229617)
(719013717, 719013724)
(391648527, 391648544)
(624265105, 624265108)
(404735527, 385010590)
(1131574813, 1131574797)
(399764055, 399764058)
(26019971, 26019975)
(391648544, 391648545)
(1330250158, 1330250129)
(1110673496, 1110673448)
(403618730, 26020363)
(458580424, 458580417)
(1330213754, 404735094)
(384987357, 384987359)
(100174634, 100174636)
(1330646813, 1330646806)
(1068433654, 1068433668)
(701002108, 701169135)
(384987387, 384987390)
(534789233, 534789242)
(26020020, 26020018)
(1330651044, 1330651092)
(1030913365, 1030913235)
(1068433663, 1272483371)
(1315886915, 1315886914)
(26018646, 26018648)
(384987370, 384987373)
(100168449, 100168452)
(1272475186, 1274911985)
(1330250392, 1330250169)
(1274939507, 1274939490)
(1103236582, 410351373)
(457560241, 457560240)
(1330646823, 1330646818)
(1242340729, 384987434)
(1110673721, 1110673726)
(391647750, 391647752)
(384987380, 384987384)
(384987384, 384987387)
(1330651028, 1330651050)
(1330213781, 1330213770)
(624265245, 624265261)
(1052277661, 1052277528)
(1232229590, 1232229611)
(1237291488, 1237291486)
(1330646812, 1330646809)
(1315892682, 1315892670)
(1231360275, 402740883)
(1112966963, 1112966842)
(503706263, 503706262)
(1103236591, 464755870)
(385015085, 385014564)
(1173286509, 457553808)
(392953856, 392953855)
(1112966868, 1112966917)
(100174642, 100174645)
(998195484, 100167692)
(330341310, 403629964)
(1340357505, 1340357493)
(464755885, 464755884)
(404737659, 1341966126)
(457547382, 457547341)
(1131574807, 1131574876)
(384987354, 384987357)
(1237293084, 1237293065)
(998240447, 998240546)
(456863213, 456863220)
(26058735, 26058736)
(385013743, 385013744)
(1284648672, 1284648674)
(458580224, 458580220)
(534823202, 402743291)
(1232663008, 1232662997)
(998240177, 998240540)
(457553764, 530710632)
(410351787, 1103236649)
(1284635481, 1284635494)
(356803188, 356803111)
(503706174, 503706175)
(1271600893, 1271600877)
(356802822, 356802828)
(1330250100, 1330250383)
(503706157, 719013643)
(390280427, 330341607)
(26058738, 1242340736)
(1340357497, 1340357451)
(503706318, 503706320)
(26020008, 26020012)
(1271594565, 1271594567)
(624265200, 624265213)
(506296056, 506297904)
(1103908491, 1103908483)
(718791770, 718791778)
(402744299, 402744128)
(404737178, 530710654)
(503706223, 503706226)
(1274939476, 1274939493)
(624265176, 624265184)
(26058747, 26058748)
(1131574912, 1131574811)
(1330250069, 1330250351)
(1110673495, 1110673503)
(1131574788, 1131574707)
(687028324, 687028325)
(390279549, 390279550)
(1068433664, 1068433651)
(1103430934, 1103430993)
(1330250248, 1330250069)
(1103236637, 329971157)
(701180360, 701167049)
(1330250227, 1330250168)
(503706146, 503706147)
(456863198, 456863199)
(385010072, 385008885)
(1024974392, 1024974463)
(534789229, 457553750)
(410364012, 410351732)
(534789254, 534789255)
(456863170, 390280988)
(1330651071, 1330651047)
(1052276827, 1052278520)
(1167473336, 1167473328)
(100168468, 100168478)
(384987373, 384987376)
(464757325, 464757200)
(392954393, 392954394)
(1271611633, 1271611637)
(1103236634, 403618724)
(1330213766, 1330213752)
(336970049, 336970045)
(1284646427, 1284646428)
(719013735, 719013740)
(1330651070, 1330651031)
(1315892705, 1315892721)
(1330637240, 1330637242)
(1271616031, 1271616015)
(1131574862, 1131574843)
(391284649, 391284650)
(1272143785, 1272143786)
(1103908539, 1103908490)
(1330250211, 1330250500)
(399777637, 399777640)
(391648545, 391648546)
(503706145, 503706146)
(1110673631, 457547144)
(1103908533, 1052276387)
(1271594568, 1068433662)
(1131574803, 1131574895)
(1167473304, 1167473358)
(718791580, 503706317)
(1232540773, 1232540764)
(1327589130, 1327589149)
(1052278102, 1052276404)
(701143511, 701089651)
(998240570, 390064494)
(1330250251, 1330250545)
(1052277501, 1052277043)
(994135665, 994138090)
(100165902, 100165881)
(457547432, 457547424)
(392953854, 392953853)
(503706148, 1109624602)
(1112967276, 1112966929)
(1259871835, 390064892)
(391276865, 391276866)
(1271600878, 1271600889)
(392953858, 998240341)
(100167786, 100167788)
(336969869, 336969872)
(1110673730, 390279552)
(1272462354, 1272462352)
(26020363, 814271354)
(1131574752, 1131574736)
(1330213782, 1330213757)
(1272140552, 1272140550)
(687028345, 888393347)
(687060489, 687060487)
(624265125, 624265133)
(1315886921, 1315886922)
(1110673624, 1110673496)
(1024974758, 1024974392)
(392954113, 392954112)
(404735491, 404735493)
(1068433662, 1272484091)
(391648550, 391648551)
(1280618803, 1280618800)
(1052278300, 1052278305)
(1284646419, 1284646430)
(1330646807, 1330646817)
(1167473371, 1167473378)
(503706171, 503706172)
(1340357551, 1340357521)
(1330637249, 1330637247)
(1103236595, 1030926687)
(385015087, 403627340)
(385009962, 385009963)
(26058942, 26058944)
(1330250103, 1330250385)
(1330250364, 1330250557)
(1131574699, 1131574870)
(687060567, 687028329)
(458580436, 701143517)
(1330250060, 1330250340)
(1272498913, 1272498912)
(719013762, 1032260741)
(100167692, 100167689)
(26058737, 26058738)
(385013745, 385013746)
(1330250570, 1330250373)
(998240218, 392953857)
(1330250523, 1330250296)
(1272475190, 399777637)
(998240342, 391277670)
(1074045132, 1074045130)
(1103908510, 1103908551)
(1052276268, 1052278102)
(26020333, 26020331)
(384987347, 384987349)
(404735107, 404735106)
(1103236585, 1103236648)
(26018671, 503706140)
(403629113, 1110673434)
(1272495221, 1272495242)
(1110673448, 1110673693)
(1330638815, 1330638818)
(458580377, 456854767)
(100165913, 100166216)
(1237293052, 1237293081)
(503706155, 503706156)
(464755701, 464755705)
(1232540764, 1232540753)
(1330250156, 1330250459)
(1330250366, 1330250190)
(1330651033, 1330651071)
(1271610594, 1271610601)
(1110673677, 1110673636)
(687060505, 687060504)
(998240440, 391276859)
(1330651069, 1330651033)
(503706230, 503706231)
(336969753, 336969764)
(336969647, 336969657)
(1274931546, 1274931543)
(1032260650, 26018669)
(391647754, 399764051)
(1103430963, 1103430948)
(1173286498, 1173286506)
(1271600889, 1271600878)
(534823169, 1272466663)
(100168779, 100168778)
(404737171, 404737170)
(503706259, 503706258)
(1103908533, 1103908513)
(1272495226, 1272495267)
(464757258, 464757260)
(391276856, 391276857)
(100168478, 100168476)
(1104600968, 1104600958)
(385008881, 385008876)
(687060504, 687060503)
(26020336, 26020333)
(1112967171, 814271259)
(1271574686, 1271574709)
(503706205, 503706206)
(1330648430, 1330648420)
(1024974669, 1024974638)
(404735349, 404735351)
(26019986, 998195195)
(1272483382, 1272483344)
(1030926705, 1030926708)
(1103236580, 26020347)
(1280615256, 1280621817)
(1274931546, 1274931550)
(503706306, 503706307)
(558603987, 558604003)
(1272143788, 1272143787)
(1272500932, 1272500920)
(100167733, 100167730)
(385009968, 385009969)
(428671585, 428671586)
(503706209, 503706210)
(410351792, 410351793)
(428671590, 428671591)
(503706214, 503706215)
(503706253, 503706254)
(100168763, 100168761)
(336970055, 336970052)
(457553785, 457553786)
(1131574698, 1131574869)
(506296060, 506296059)
(1330651075, 1330651101)
(507948430, 506297897)
(464755708, 464755717)
(457547150, 457547153)
(1110673636, 1110673532)
(1052277514, 1052277374)
(26058954, 26058955)
(624265213, 624265224)
(1103908511, 1103908499)
(1330646815, 1330646803)
(1330250562, 1330250366)
(100168392, 100168393)
(503706312, 503706313)
(503706222, 503706223)
(410364066, 410364067)
(1315892714, 1315892663)
(1274924411, 1272483362)
(1280621836, 1280621820)
(1274939524, 1274939476)
(384987394, 384987397)
(100174630, 100174629)
(1068433666, 1068433669)
(701169134, 701002140)
(464755883, 464755882)
(1330651055, 1330646818)
(1340357498, 1340357530)
(410364076, 410364077)
(1103430985, 1103430960)
(1030913246, 1030913221)
(399765472, 399765481)
(1330646821, 1330646807)
(384987410, 384987412)
(1272470998, 1272470997)
(26019997, 391276720)
(687060473, 687060490)
(1167473363, 1167473343)
(1110673659, 457547169)
(457553807, 1173286477)
(1315886922, 1315886916)
(1330250419, 1330250278)
(457553784, 530710610)
(1280624172, 1280624167)
(1330250300, 1330250152)
(1232229613, 1232229619)
(506348130, 506297902)
(383981555, 383981556)
(385013747, 385013748)
(26058736, 26058737)
(26058752, 26058753)
(1330250426, 1330250200)
(1274911979, 1274911985)
(1232540753, 1232540723)
(687028341, 687028342)
(410351733, 410351734)
(719013762, 1032260702)
(1030922849, 994136251)
(1105969418, 1105969484)
(402744131, 402744299)
(403629123, 1110673660)
(1131574869, 1131574858)
(391648529, 530710668)
(1131574825, 1131574745)
(1032260685, 1032260705)
(464755844, 464755847)
(100168761, 100168747)
(1340357519, 1340357496)
(1242340735, 336969799)
(1271610601, 1271610600)
(403629928, 390279667)
(1110673567, 26020322)
(390279551, 1110673730)
(26020019, 26020022)
(1232229634, 26019973)
(1327589110, 1327589130)
(1330646814, 1330646811)
(457555650, 457555645)
(1110673550, 1110673508)
(1330651101, 1330651028)
(1330637241, 1330637255)
(1271600876, 1271600888)
(1274931550, 1274931548)
(1103236622, 1103236602)
(392954092, 330341303)
(410351739, 1103100937)
(1024974830, 1024974440)
(687028343, 687028345)
(404735099, 404735098)
(1074045116, 1074045086)
(1274924406, 1274924408)
(329971216, 26020356)
(994138460, 1052276348)
(1110673695, 1110673626)
(390064494, 1259871835)
(1315886932, 1315887624)
(464758657, 464758656)
(503706327, 503706328)
(100166745, 100168522)
(457553771, 530710631)
(1103908483, 1103908537)
(1052276819, 1052276666)
(687060569, 687060568)
(403629528, 403629529)
(503706328, 503706329)
(1110673659, 1110673642)
(1030945263, 994137074)
(458580279, 458580283)
(457555657, 457555653)
(1074045115, 1074045116)
(26058939, 26058940)
(1110673626, 1110673586)
(1104600967, 1104600963)
(458580412, 701187186)
(1315887615, 1315887613)
(391276637, 391276636)
(410351382, 410351373)
(391276861, 391276862)
(1272151549, 1272151550)
(1274939511, 1274939510)
(404735113, 404735112)
(687060341, 687060566)
(506297904, 506348130)
(384987437, 1110673691)
(100165899, 100165902)
(1271602272, 1271602271)
(1131574731, 1131574872)
(100167805, 100167801)
(1052276628, 1052276271)
(1274939528, 1274939504)
(410351800, 1103236629)
(349946481, 356802811)
(1271611631, 1271611633)
(1330250152, 1330250329)
(336969624, 336969627)
(385014564, 385015087)
(464755821, 464755824)
(994137074, 1030945308)
(1052276666, 1052277264)
(1103684016, 1103684013)
(385009967, 385009968)
(998195091, 998195199)
(1030913311, 1030913309)
(689479803, 385013743)
(1131574898, 1131574853)
(1231360283, 1231360275)
(391276638, 391276637)
(1330250278, 1330250103)
(1315886920, 1315886929)
(503706231, 503706232)
(410364075, 410364076)
(506297907, 506297908)
(1110673571, 1110673435)
(464755871, 1103236636)
(1340357470, 390280428)
(1110673643, 1110673547)
(385009965, 385009966)
(391284648, 385011776)
(718791649, 718791662)
(1068433650, 1068433659)
(100165916, 100165913)
(1315887624, 1315887620)
(26058742, 26058743)
(410351542, 1030926712)
(1330250311, 1330250369)
(392954108, 392954090)
(1242340736, 26058739)
(1030913221, 1103430929)
(1271613783, 1271613782)
(503706248, 503706249)
(1103908527, 1103908519)
(404735104, 404735103)
(1272500917, 1272500940)
(336969657, 336969660)
(26058753, 26058754)
(356802781, 349946481)
(687060563, 687060562)
(1237293498, 1237293499)
(402741788, 402741790)
(814271386, 26020372)
(1103236593, 464755878)
(410351543, 1030926685)
(1330638819, 1330638817)
(503706168, 503706169)
(506348132, 506348131)
(1340357544, 1340357551)
(1271574709, 1271574714)
(403629121, 403629113)
(1330250443, 1330250251)
(503706172, 503706173)
(1110673667, 1110673514)
(1232663008, 1232663000)
(26020360, 26020363)
(1272468968, 1272468971)
(1052277250, 1052276628)
(1330250418, 1330250055)
(399764058, 399764062)
(1274939529, 1274939474)
(719013714, 719013717)
(1110673700, 330341311)
(403626647, 403626648)
(1315886917, 1315886909)
(26020029, 26020027)
(1271574717, 1271574715)
(1259871802, 390064891)
(1237293056, 1237293049)
(410351381, 410351382)
(392954253, 392954254)
(457546983, 457547090)
(503706233, 503706234)
(392953688, 392953689)
(403626892, 456863185)
(1110354855, 385010591)
(390064496, 390064495)
(336969608, 336969639)
(1232663000, 1232663008)
(390280428, 330341308)
(1330250448, 1330250284)
(1272498914, 1272499430)
(1110673416, 1110673677)
(410351377, 1103236646)
(456863243, 456863198)
(385008712, 464757228)
(26018625, 26018627)
(1131574841, 1131574757)
(26020478, 814271426)
(330341607, 385010072)
(1232540767, 1232540773)
(1272495267, 1272495221)
(503706152, 503706153)
(100168476, 100168474)
(383981895, 383981899)
(336969863, 336969867)
(1068433660, 1068433656)
(100168394, 998240447)
(403629524, 403629525)
(1340357530, 1340357536)
(482743764, 482743765)
(1068433668, 1068433650)
(1330250272, 1330250157)
(503706156, 503706157)
(390280985, 390280986)
(1272146136, 1272146126)
(26018633, 26018635)
(994137296, 994136501)
(384987376, 384987380)
(1173286490, 1173286509)
(1271610597, 1271610594)
(404735103, 404735114)
(503706251, 503706253)
(100167213, 100167233)
(1110673519, 1110673531)
(998240224, 390064891)
(624265267, 624265276)
(994136076, 994137025)
(1131574808, 1131574823)
(1110673709, 1110673689)
(1024974463, 1024974480)
(1103684029, 26018454)
(503706217, 503706218)
(1330250083, 1330250393)
(1131574897, 1131574886)
(1024974638, 1024974783)
(503706221, 503706222)
(503706293, 503706294)
(457547116, 457547123)
(1274939496, 1274939529)
(1024974735, 1024974620)
(1068433669, 1068433653)
(336969739, 336969743)
(506299913, 506299923)
(701169137, 701169134)
(336969660, 336969676)
(1103908501, 1103908504)
(1103236646, 410351535)
(457555645, 457555642)
(1105969482, 1105969470)
(503706312, 718791373)
(1340357494, 1340357462)
(100168474, 100168471)
(100167706, 100167703)
(464757298, 464757304)
(100168446, 100168445)
(1103908523, 1103908509)
(385015093, 403626762)
(410351545, 428671585)
(26020374, 814271775)
(390067181, 390067180)
(404737850, 404737851)
(26058950, 26058951)
(26058732, 26058733)
(385009966, 385009540)
(1315892670, 1315892727)
(1232229594, 1232229609)
(1131574804, 1131574784)
(1272462354, 1272498909)
(458580424, 701143517)
(534823165, 534823160)
(701002139, 701048776)
(391276720, 26019992)
(100164346, 100164344)
(100167224, 558603997)
(464755736, 464755740)
(457555659, 457555657)
(383981895, 456863239)
(1110673529, 1110673721)
(404737858, 404737859)
(503706162, 503706163)
(1131574840, 1131574860)
(1272483367, 1272483351)
(1167473348, 1167473322)
(558604024, 100167198)
(1330250222, 1330250570)
(1330250207, 1330250248)
(503706197, 503706198)
(410351546, 1030926710)
(1131574657, 1131574862)
(1272144875, 534823196)
(456863207, 390280985)
(1237293049, 1237293050)
(718791778, 718791789)
(1131574757, 1131574741)
(404735100, 404735099)
(1330250196, 1330250523)
(100166781, 100166749)
(1110673712, 1110673695)
(1272144876, 1272158093)
(503706173, 503706174)
(1272483362, 1272483349)
(100168753, 100168779)
(1272483366, 1068433665)
(403629530, 403629532)
(26019991, 390064918)
(336969728, 1315886924)
(1103236644, 26020355)
(391649009, 391649010)
(1110673720, 1110673694)
(503706161, 503706162)
(100168448, 100168463)
(994137025, 1103430992)
(352646777, 352646776)
(1173286517, 530789058)
(1103430961, 1103430932)
(503706232, 503706233)
(385008858, 385008712)
(410351546, 1030926705)
(1110673545, 390279551)
(1167473354, 1167473335)
(26020371, 814271447)
(100164341, 100164339)
(1110673450, 1110673416)
(1272148945, 1272148947)
(503706236, 503706237)
(1052278388, 1052277250)
(1272148948, 534823197)
(402746345, 402746346)
(390279554, 390279555)
(457547362, 1110673699)
(1068433670, 1068433654)
(1272495239, 1272495228)
(701089656, 701175083)
(330341299, 330341300)
(1030945256, 1030945274)
(100168747, 100168753)
(1315892696, 1315892701)
(503706246, 503706248)
(1131574871, 1131574801)
(392954599, 392954598)
(1131574779, 1131574700)
(1237291486, 392953599)
(1131574886, 1131574829)
(503706300, 503706299)
(1131574777, 1131574690)
(100168387, 100168388)
(384987412, 410364078)
(1272495241, 1272495244)
(1330213772, 1330213768)
(701143519, 458580412)
(998240577, 998240447)
(1052276613, 1052276617)
(503706307, 503706308)
(1110350192, 503706309)
(1110673702, 1110673404)
(503706216, 503706217)
(558604024, 558604024)
(1052276738, 1052277398)
(1052276971, 1167473390)
(464757307, 464757311)
(1330637247, 1330637248)
(1052277219, 1052276280)
(689479653, 689479428)
(1131574896, 1131574885)
(558604004, 558604006)
(1110673514, 26020327)
(1272146135, 1272146123)
(503706220, 503706221)
(1105969478, 1105969482)
(392953895, 390064888)
(1272146134, 1272146139)
(1131574900, 1131574687)
(457555642, 457555638)
(1110673668, 1110673687)
(336969772, 336969777)
(391276636, 391276635)
(1131574858, 1131574778)
(1232540744, 1232540721)
(402740872, 402740870)
(503706277, 503706274)
(404737858, 458580228)
(503706295, 503706297)
(503706299, 503706298)
(1024974771, 1024974665)
(1330250190, 1330250067)
(503706180, 503706181)
(1032260725, 1032260727)
(26020348, 1103236598)
(402740109, 402740870)
(464755888, 464755886)
(506299923, 506299924)
(503706199, 503706200)
(404735495, 404735497)
(456863239, 456863241)
(1330250444, 1330250401)
(356802837, 356803009)
(100165872, 100165916)
(503706200, 503706201)
(1052277398, 1052277156)
(428671576, 428671577)
(1272462376, 1272462386)
(1330637254, 404735096)
(1274924411, 1274924412)
(1272495262, 1272495239)
(457547354, 457547347)
(100174636, 100174632)
(383981554, 403626647)
(403629529, 464757200)
(464755849, 464755680)
(1131574793, 1131574657)
(503706204, 503706205)
(336970038, 336970042)
(1103908551, 1103908498)
(503706302, 503706301)
(506348136, 458580424)
(1271614046, 1271614047)
(100168412, 100168410)
(100167320, 100167318)
(1330250129, 1330250414)
(1232229619, 1232229598)
(1272500930, 1272500937)
(624265235, 624265245)
(428671578, 994138402)
(1330250358, 1330250215)
(457547069, 1105969421)
(1167473381, 1167473312)
(624265161, 624265176)
(1280624182, 1280624170)
(1131574826, 1024974467)
(336969764, 336969767)
(534823172, 534823173)
(558603989, 558603991)
(1280618800, 1280627869)
(1110673693, 1110673675)
(1280624172, 1280624178)
(1110673687, 1110673632)
(503706226, 503706227)
(392954254, 392954255)
(1131574730, 1131574884)
(402740875, 402740872)
(410364077, 410364078)
(410351789, 410351790)
(719013772, 719013779)
(330341607, 385009969)
(385008885, 385008881)
(1271600889, 1271600886)
(534823158, 390067648)
(391277670, 391277668)
(1330250341, 1330250468)
(998194419, 998194419)
(888393498, 888393441)
(687060503, 687060502)
(1340357477, 1340357496)
(998240375, 392953858)
(1284635494, 1272148948)
(1032260714, 1032260725)
(404734193, 385010595)
(1315887623, 1315887614)
(998194828, 998195262)
(1330651095, 1330651075)
(100174633, 100174642)
(1271574702, 1271574708)
(503706257, 503706256)
(506297900, 506297897)
(464757287, 464757289)
(457547477, 1103236590)
(457516993, 457516994)
(410351553, 410351554)
(410351380, 410351381)
(1103236606, 1103236587)
(26020002, 26020000)
(1131574861, 1131574698)
(100168756, 100168763)
(1315892685, 1315892683)
(1167473347, 1167473388)
(814271426, 26020476)
(1232229621, 1232229626)
(356802816, 356802900)
(410351734, 410351736)
(1105969415, 464755867)
(1030926707, 410351546)
(994137051, 1030913357)
(1272462386, 1272483379)
(998240546, 100168399)
(1103236614, 410351372)
(100168405, 100168409)
(998195195, 26019989)
(1231321870, 1232569170)
(1231360275, 1231360283)
(998240563, 390064494)
(26020338, 26020336)
(458580214, 392954088)
(1110673658, 1110673639)
(26020031, 26020033)
(998240232, 391276867)
(456863228, 383982411)
(1271616029, 1271616019)
(1330250175, 1330250483)
(1315892721, 1315892702)
(385010072, 385009540)
(1330250317, 1330250246)
(503706194, 503706195)
(1173286487, 1173286490)
(336969735, 336969739)
(1271614047, 1271614048)
(530710668, 392953955)
(1103236631, 1103236644)
(1110673473, 1110673571)
(26020033, 26020313)
(1131574893, 1131574883)
(1315886932, 1315887618)
(100167619, 100167626)
(1274939467, 1274939478)
(402744134, 402744131)
(336969888, 336969894)
(26020322, 1110673484)
(464755892, 464755890)
(403627339, 456863186)
(1315892712, 1315892720)
(1052278361, 1052277219)
(534823173, 534823197)
(530789059, 457553807)
(402744131, 402744130)
(1315886939, 1315886935)
(1330250233, 1330250334)
(1280629078, 1280629080)
(1284635486, 1272144875)
(1315887614, 1315887615)
(457553783, 457553784)
(456854745, 456854748)
(701005198, 701002108)
(1330250414, 1330250480)
(336969921, 336969932)
(391649013, 391649014)
(503706165, 503706166)
(1105969492, 457547069)
(1330213768, 1330213778)
(506348133, 506348128)
(1131574759, 1131574667)
(624265116, 624265125)
(100165898, 100165899)
(410351794, 1103236642)
(1280629079, 1280627869)
(1052276427, 1052277463)
(458580424, 506348136)
(100168419, 100168413)
(1327589133, 1327589108)
(1052276348, 1052276268)
(1024974620, 1024974758)
(1284635486, 1284635483)
(503706228, 503706229)
(1330250557, 1330250111)
(1330213767, 1330213784)
(410351544, 410351545)
(687028329, 687028331)
(390067146, 390067136)
(356802961, 356802989)
(503706320, 503706168)
(1103430971, 1103430985)
(534823171, 1272465317)
(402740877, 402740875)
(1330637253, 1330637252)
(1131574669, 1131574733)
(1330648416, 1330648436)
(404737852, 404737853)
(26058948, 26058949)
(1330250463, 1330250321)
(391647753, 391647754)
(1272466660, 1272466678)
(1110673711, 1110673715)
(1110673694, 1110673689)
(1103908522, 1103908502)
(719013779, 1032260650)
(26019973, 26019656)
(558604017, 558604015)
(410351552, 410351553)
(1024974665, 1024974669)
(404735114, 392954603)
(1024974783, 1024974724)
(1131574772, 1131574685)
(392953852, 392953851)
(1052277859, 1052277338)
(390064496, 390064498)
(1103236646, 410351379)
(503706212, 503706213)
(457547169, 384987437)
(428671588, 428671589)
(1280631297, 1280618800)
(1232229592, 1232229638)
(457553789, 457553790)
(100174575, 100174570)
(503706313, 1110350199)
(385013704, 385013705)
(1274939500, 1274939486)
(1330213779, 1330213782)
(1032260736, 1032260644)
(998240321, 392953895)
(392953599, 392953699)
(26020358, 1103236592)
(384987397, 384987400)
(1237293079, 1237293063)
(391651518, 403629121)
(1110673660, 1110673643)
(410351796, 410351797)
(330341300, 330341301)
(1030945306, 1030945276)
(1131574837, 1131574755)
(26019991, 998240399)
(457547006, 457546983)
(1274939506, 1274939479)
(1030926708, 1030926710)
(1274911988, 1274911957)
(1274931541, 1274931543)
(701187186, 458580443)
(701048781, 701048783)
(1272483349, 1272483368)
(1284646430, 1284646429)
(100167766, 100167620)
(456863225, 456863227)
(1103236617, 457547435)
(390064498, 390064499)
(391277672, 391277671)
(1272146136, 1272144876)
(1272462363, 1272462376)
(383981556, 383981892)
(1315891217, 1315891218)
(1330250200, 1330250121)
(534823201, 534823202)
(1272495248, 1272495237)
(1272483346, 1272483353)
(100167185, 100167207)
(1330250379, 1330250364)
(1315892702, 1315892712)
(336969885, 336969888)
(1110673548, 1110673624)
(1024974636, 1024974771)
(1110673661, 1110673644)
(1330250352, 1330250176)
(719013740, 719013762)
(390280982, 390280983)
(1272432640, 1272432634)
(994136076, 994137806)
(1330213778, 1330213775)
(1232229607, 506297900)
(1330250166, 1330250225)
(457547435, 1103236585)
(1330250412, 1330250233)
(1340357474, 1340357451)
(1272462349, 1272462362)
(701167049, 701002110)
(1110673639, 1110673535)
(1315892701, 1315892664)
(1327589165, 1327589151)
(1272462388, 1272462385)
(1131574875, 1131574806)
(399764068, 399764075)
(402744127, 402744124)
(1330250321, 1330250116)
(1112966823, 1112967246)
(503706305, 503706306)
(534823171, 1272470998)
(336969642, 336969639)
(1032260741, 719013772)
(1167473385, 1167473366)
(1131574831, 1131574752)
(1232665826, 458580269)
(1330250179, 1330250490)
(100167689, 998194662)
(1272462373, 1272462370)
(458580220, 458580217)
(404735109, 404735108)
(390064891, 390064890)
(336970026, 336970058)
(1030945266, 1030945314)
(100168393, 100168394)
(1330250215, 1330250244)
(1032260719, 1032260764)
(464755895, 464755892)
(1271600890, 1271616033)
(503706317, 503706318)
(534823161, 534823162)
(336969904, 336969910)
(1330250548, 1330250311)
(1242340733, 1242340707)
(1330250184, 1330250300)
(399764075, 399764079)
(26020321, 26020319)
(1330213753, 1330213757)
(404737179, 404737178)
(689479579, 689479578)
(1271610596, 1271610602)
(503706326, 503706327)
(1103430966, 1103430934)
(336969910, 336969914)
(687060322, 687060340)
(1108247084, 392954259)
(624265224, 624265235)
(26020313, 26020315)
(392954323, 392954326)
(1232569170, 1231360277)
(1315892664, 1315892704)
(1271574687, 1271574686)
(100174566, 100174565)
(1232229623, 1259871812)
(390067187, 390067186)
(1131574860, 1131574912)
(1024974440, 1024974636)
(1131574704, 1131574874)
(1237293079, 1237293498)
(1131574880, 1131574723)
(464757267, 464757269)
(336969815, 336969817)
(100165434, 100165432)
(336969914, 336969921)
(100166780, 100166781)
(1330213764, 1330213765)
(356802770, 392953688)
(1284646421, 1284646423)
(457553788, 457553789)
(100168476, 100168406)
(1112966917, 1112967192)
(558604024, 558604004)
(1131574791, 1131574771)
(814271178, 26020373)
(503706260, 503706259)
(1272462352, 1272462388)
(339535423, 339535444)
(998240341, 998240177)
(1052277811, 1052277825)
(457547298, 457547291)
(534823173, 534823165)
(701002110, 349946477)
(1272465317, 534823172)
(1131574811, 1131574881)
(464755782, 1105969415)
(1103236642, 410351795)
(1131574899, 1131574854)
(391276927, 392953895)
(464757324, 1167473313)
(1232229626, 1232229603)
(402744130, 402744128)
(1330250159, 1330250418)
(1330250091, 1330250392)
(410364078, 384987412)
(998240237, 391276927)
(1131574872, 1131574803)
(464755741, 464755740)
(1103908504, 1103908539)
(1330250073, 1330250355)
(1271616019, 1271616026)
(457553774, 530710630)
(26020359, 1103236624)
(356803042, 356803033)
(1272498911, 1272498910)
(1030945274, 1030945318)
(385010591, 385010592)
(1340357465, 1340357494)
(100166216, 100166213)
(534789236, 390067185)
(402744302, 402744299)
(689479606, 689479604)
(1330637246, 1330637249)
(1330213784, 1330213778)
(1131574728, 1131574699)
(330341455, 1110673533)
(464757245, 464757250)
(1271600887, 1271600879)
(1131574890, 1104600961)
(336969969, 336969964)
(457547337, 457547327)
(1103430989, 1103431005)
(404737174, 404737173)
(1167473302, 1167473301)
(402746349, 998240182)
(26019655, 26019971)
(402741790, 1232569164)
(1052277207, 1052278361)
(392954602, 392954601)
(1103908535, 1103908522)
(1330250355, 1330250567)
(1340357533, 1340357449)
(718771591, 718771576)
(1330250154, 1330250124)
(1327589151, 1327589168)
(1242340707, 26058741)
(534789257, 534789258)
(403628169, 403628170)
(1330250193, 1330250463)
(506348136, 458580436)
(1103236587, 1030926683)
(1327589168, 1327589166)
(100174743, 100174744)
(1272495228, 1272495219)
(719013678, 719014070)
(503706304, 503706305)
(26020332, 26020335)
(1271574708, 1271574687)
(530710644, 404737172)
(100174744, 100174745)
(1315892675, 1315892680)
(1068433662, 1271592766)
(1131574741, 1131574891)
(1052276403, 1052276981)
(1131574677, 1131574841)
(1030926712, 1103236595)
(100166320, 100164336)
(410364074, 410364075)
(994138460, 1030913373)
(410364068, 410364069)
(1024974724, 1024974577)
(26058952, 26058953)
(1330250483, 1330250274)
(392954258, 392954259)
(1340357557, 1340357497)
(26058956, 26058957)
(1272462387, 1272462375)
(1272501638, 1272503548)
(1271616026, 1271616032)
(428671592, 428671594)
(457547144, 457547146)
(994138118, 994137051)
(1271616022, 1271616028)
(1052276419, 1052277595)
(1271609163, 1271609165)
(26020347, 1103236635)
(1110673705, 403629122)
(456863189, 456863191)
(26018637, 26018639)
(1271562002, 503706180)
(1272498914, 1272498913)
(464755870, 464755869)
(1271612666, 1271612668)
(100168445, 100168387)
(100164336, 100164334)
(1272466679, 1272462363)
(26020032, 26020029)
(1327589166, 1327589143)
(1271574703, 503706174)
(385011810, 689479626)
(26020034, 26020032)
(1271592766, 1271592764)
(457547146, 457547150)
(1052276435, 1052277814)
(1272146138, 1272146122)
(1167473355, 1167473336)
(100168391, 100168392)
(503706311, 503706312)
(687060323, 687060322)
(385010595, 1330213753)
(392954601, 392954600)
(1103236602, 329971158)
(1330651073, 1330651067)
(503706200, 503706202)
(390279556, 1110673691)
(404735102, 404735101)
(26018669, 26018673)
(1110318544, 503706171)
(1330250186, 1330250241)
(1330250057, 1330250548)
(1030913221, 1030913318)
(1103908498, 1103908485)
(1052277653, 1052277929)
(1271613784, 1271613783)
(530710632, 457553766)
(26018652, 26018663)
(1330250136, 1330250078)
(385009540, 385009958)
(26020346, 26020343)
(384987390, 384987394)
(1052276981, 1052276983)
(1271612664, 1271612666)
(399766339, 456854760)
(100167688, 100167741)
(994137051, 994137602)
(503706187, 503706188)
(503706298, 503706297)
(503706225, 503706223)
(336969876, 336969879)
(998240278, 998240375)
(356802820, 356802822)
(1330250324, 1330250147)
(410363860, 410363864)
(503706325, 503706326)
(701134648, 701134651)
(457553766, 530710634)
(506297895, 506297907)
(530710616, 534789229)
(1232229639, 392953855)
(1103430960, 1103430990)
(558604006, 558604015)
(100165888, 100165890)
(457546942, 410351800)
(1052276576, 1052277501)
(1103908485, 1103908542)
(100174628, 100174634)
(383981892, 383981895)
(356802904, 356802910)
(1103236621, 464755873)
(701169136, 701180360)
(1272158091, 1272158108)
(1131574891, 1131574780)
(1330250193, 1330250068)
(1103430984, 1103430954)
(1330646810, 1330646824)
(1131574865, 1131574851)
(100168436, 100168433)
(506348134, 506348133)
(1030945308, 994138456)
(503706144, 503706145)
(410363864, 410351731)
(456863214, 456863216)
(1330646822, 1330646812)
(404735111, 404735110)
(1110673419, 1110673731)
(1167473296, 1167473305)
(1272483370, 1272483382)
(1330250350, 1330250370)
(503706301, 503706300)
(1330250490, 1330250324)
(456863220, 456863222)
(392954598, 392954598)
(410364069, 410364070)
(1274931548, 1274931530)
(410351269, 410351270)
(457547291, 1242340729)
(1284648674, 1284648670)
(503706258, 503706257)
(1330250423, 1330250057)
(1340357536, 1340357446)
(100165425, 100167320)
(534823170, 534823171)
(1103684013, 26018452)
(1271614544, 1271614547)
(503706163, 503706164)
(558604019, 558603989)
(503706240, 503706241)
(1131574710, 1131574878)
(1110673490, 1110673709)
(458580276, 458580279)
(100174637, 100174638)
(1272495242, 1272495248)
(390067729, 530710616)
(1274911962, 1274911979)
(457516995, 457516996)
(1232665852, 1232665834)
(384987361, 384987364)
(403628168, 403628169)
(26020351, 1103236620)
(1131574707, 1131574831)
(1271616011, 1271616023)
(356803182, 356803188)
(100168433, 100168443)
(391276863, 391276864)
(100167233, 998194785)
(457553780, 457553781)
(1330651098, 1330651039)
(1315886938, 1315886920)
(1274911973, 1274911962)
(1103236576, 26020351)
(391277668, 391277667)
(701169135, 701169136)
(1271600888, 1271598250)
(687060502, 687060501)
(1272500921, 1272500938)
(687028325, 687028329)
(1237293078, 1237293080)
(718771576, 718771591)
(1272498916, 1272498920)
(503706213, 503706214)
(1330250120, 1330250358)
(428671589, 428671590)
(391276860, 391276861)
(384987400, 384987403)
(26020331, 1110673631)
(458580401, 458580404)
(336970030, 336970055)
(1052276617, 1052277730)
(1232665838, 1232665819)
(464757289, 464757296)
(330341298, 330341299)
(503706190, 503706191)
(1271600886, 1271600893)
(1131574857, 1131574674)
(1173286489, 1173286485)
(410351379, 410351380)
(506297900, 100168392)
(100168391, 100168468)
(26018627, 26018629)
(1110673533, 1110673692)
(1271613782, 1271613785)
(26020326, 390279549)
(26020027, 26020025)
(100167797, 100167805)
(403626648, 403626649)
(26020355, 1103236616)
(1272462356, 1272462387)
(1136514783, 1103908533)
(506297908, 506297904)
(1330250545, 1330250310)
(1103908488, 1103908546)
(503706198, 503706199)
(530710609, 457553788)
(1110673557, 457546977)
(1330651099, 1330651052)
(1167473366, 1167473381)
(1030945272, 1030945263)
(1315891222, 1315891219)
(1271611635, 1271611631)
(391648546, 391648547)
(100167768, 100167766)
(1330250330, 1330250448)
(1330250124, 1330250108)
(1136514783, 1136514784)
(399765494, 399765499)
(998240577, 100168400)
(1330250401, 1330250224)
(994136113, 994136923)
(100168516, 100168513)
(1052277411, 1052277262)
(1272158089, 1272158094)
(503706297, 482743761)
(718791482, 718791489)
(26058748, 26058749)
(100167205, 558604024)
(1330250067, 1330250478)
(1272158083, 1272158089)
(391649010, 391649011)
(1274939474, 1274939484)
(457553778, 457553779)
(1052277692, 1052276288)
(624265184, 624265200)
(719013731, 719013735)
(464755769, 464755771)
(390064499, 390064500)
(464755691, 464755697)
(402740883, 1237293500)
(403629116, 403629118)
(1232662997, 1232663008)
(457547156, 1110673533)
(1330250117, 1330250073)
(1280621814, 1280621833)
(385013751, 385013741)
(404735097, 1330637251)
(1272432601, 26058750)
(457547090, 457547116)
(402740883, 1231360275)
(503706237, 503706291)
(503706181, 503706182)
(1330213780, 1330638815)
(349946476, 356803111)
(1330250370, 1330250068)
(1052277814, 1104600965)
(1104600959, 1104600972)
(534823190, 534789254)
(1330250312, 1330250522)
(100164334, 100164221)
(1272483351, 1272475186)
(1272146137, 1272146135)
(1330250178, 1330250276)
(385013746, 390064448)
(356803111, 356803188)
(1271616016, 1271616029)
(701048776, 701048778)
(410351375, 410363849)
(1330250375, 1330250166)
(428671591, 428671592)
(503706215, 503706216)
(994137602, 994136113)
(457553775, 457553776)
(1131574884, 1131574759)
(385014566, 383981554)
(1237293065, 1237293076)
(1110673667, 1110673652)
(1232540738, 1232540756)
(330341303, 392954088)
(1052276280, 1052276600)
(1074045091, 1074045095)
(392953855, 392953854)
(456863186, 403628168)
(1237293500, 1237293498)
(1237291488, 392953699)
(1330637242, 1330637241)
(1232569170, 464758657)
(403626891, 403626892)
(383982411, 403626762)
(1315887620, 1315887622)
(356802900, 356802904)
(464757304, 464757307)
(1272501637, 1272501639)
(1271613785, 1271613784)
(1110673692, 1110673576)
(391276857, 391276858)
(1131574903, 1131574889)
(392954254, 404737850)
(392953848, 392953847)
(689479797, 385013745)
(1052276627, 1052277377)
(100174638, 100168759)
(404737851, 404737852)
(506297897, 506297900)
(100168769, 100168767)
(1274939492, 1274939467)
(1272483379, 1272462356)
(1330250482, 1330250272)
(100167198, 100167797)
(404735117, 392953955)
(1330250329, 1330250227)
(689479794, 689479630)
(1167473294, 1167473368)
(26020001, 26020004)
(1131574674, 1131574865)
(1131574747, 1131574896)
(385009966, 385009967)
(410351790, 410351791)
(1103908532, 1103908520)
(1068433667, 1068433661)
(1110673434, 1110673552)
(1105969489, 1105969488)
(503706289, 503706224)
(1330250116, 1330250178)
(1280624167, 1280624182)
(1103430954, 1030913253)
(1272150651, 1272150657)
(1272501639, 1272501638)
(1232540756, 1232540788)
(719013724, 719013731)
(1167473317, 1167473306)
(1330250198, 1330250120)
(1272500939, 1272500917)
(1074045130, 1074045111)
(410364071, 410364072)
(390067180, 534823190)
(428671594, 1167473385)
(391648189, 404737179)
(687060566, 687060565)
(1271611637, 1271611635)
(482743762, 482743764)
(404735101, 404735100)
(1327589108, 1327589110)
(1330651050, 1330651044)
(1052277595, 1052277653)
(1272158090, 1272158064)
(458580417, 701191163)
(1152177578, 1152177587)
(1330250167, 1330250313)
(100167703, 100167700)
(385009961, 385009962)
(1272483356, 1274924411)
(385009963, 385009964)
(701175083, 701175084)
(457547448, 457547455)
(1032260679, 1032260658)
(1330250279, 1330250386)
(336969984, 336969990)
(1030913253, 1030913365)
(384987424, 1242340713)
(503706255, 503706256)
(26058947, 26058948)
(503706183, 503706184)
(403629119, 1110673651)
(1131574843, 1131574873)
(1330250292, 1330250462)
(1271574704, 1271574711)
(1272158108, 1272158081)
(392954112, 392954111)
(1167473312, 1167473348)
(1272483381, 1272483366)
(356803099, 506348127)
(1167473379, 1167473296)
(1131574723, 1131574855)
(503706175, 503706176)
(482743732, 1313346651)
(464755867, 464755869)
(1271616033, 1271616021)
(100167730, 100167757)
(689479630, 689479601)
(464757284, 464757286)
(100168522, 100168519)
(1103908499, 1103908487)
(1105969484, 1105969478)
(998194662, 998194560)
(1274939491, 1274939477)
(330341311, 26020332)
(356802910, 356802856)
(1330250157, 1330250460)
(1330646805, 1330646822)
(100168413, 100168431)
(1103908517, 1103908514)
(1052277085, 1052276613)
(687028339, 687028341)
(1030945318, 1030945266)
(1330250176, 1330250234)
(701143513, 701169137)
(1103908544, 1103908527)
(410351548, 410351549)
(392953699, 1237291488)
(410351736, 410351738)
(1131574868, 1131574880)
(1103236584, 26020360)
(464755884, 464755883)
(391276864, 391276865)
(506297911, 506297907)
(482743761, 482743762)
(1340357527, 1340357509)
(506348131, 506348131)
(26020373, 26020374)
(701143517, 458580436)
(1340357470, 1340357527)
(534789219, 534789236)
(100168519, 100168516)
(1052277929, 1052277085)
(1340357524, 534833609)
(1272495246, 1272495264)
(1330250132, 1330250419)
(1167473305, 1167473359)
(1052276621, 1052276478)
(464755815, 464755818)
(1340357451, 1340357465)
(457553806, 1173286498)
(687028336, 687028338)
(1271594565, 503706160)
(410351549, 410351550)
(457553811, 1173286503)
(100168474, 100168476)
(1330651092, 1330651070)
(1315892687, 1315892673)
(1167473300, 1167473376)
(403627340, 385015089)
(390064890, 998240237)
(457555618, 534789211)
(336970042, 336970060)
(457553777, 457553778)
(1271614048, 1271614049)
(1131574863, 1131574786)
(1274939479, 1274939473)
(1330250442, 1330250567)
(336969969, 458580353)
(1110673694, 330341309)
(1032260690, 503706141)
(457553790, 1173286513)
(1237293063, 1237289840)
(385008861, 385008858)
(1330250572, 1330250325)
(456863171, 456863170)
(506296061, 506296060)
(1131574743, 1131574730)
(1052277841, 1052277692)
(1340357465, 390280658)
(1030926712, 410351548)
(1271612668, 1271612669)
(336970058, 336970030)
(687028338, 687028339)
(1131574799, 1131574728)
(402747707, 998240478)
(26020320, 1110673567)
(410351730, 410351731)
(1231360281, 1231360277)
(410351799, 410351800)
(1330250073, 1330250442)
(1167473342, 1167473294)
(503706229, 503706230)
(100167318, 998194828)
(1110673644, 1110673548)
(1274939478, 1274939492)
(390279555, 390279556)
(1272140551, 1272140552)
(689479578, 689479576)
(391277667, 391277666)
(402746346, 402746347)
(100167698, 100167695)
(329971157, 1103236579)
(26058728, 26058729)
(534823197, 534823160)
(998240399, 402746345)
(1104600961, 1136514783)
(1103908513, 1103908501)
(26018622, 26018625)
(1271574718, 1271574703)
(558603997, 100167197)
(26020004, 26020006)
(1131574742, 1131574893)
(1284635483, 1284635481)
(100168463, 100168448)
(1330250554, 1330250175)
(26020474, 26020472)
(1167473324, 1167473326)
(701048778, 701048781)
(464757240, 464757242)
(330341306, 390280425)
(100168759, 100168756)
(1052278367, 1052277932)
(265801161, 265801162)
(1315886924, 1315892670)
(1068433664, 1272483369)
(1024974480, 1024974670)
(1112967251, 1112966890)
(403629527, 403629528)
(1271609163, 1271609164)
(1284648676, 1284648672)
(1030913290, 1030913228)
(994136923, 1030913296)
(457546977, 457546981)
(503706256, 503706293)
(998195364, 26019979)
(391648548, 391648549)
(385014564, 385014565)
(456854748, 456854749)
(26019988, 998195295)
(1030926704, 1030926711)
(1103430990, 1103430989)
(1103908515, 1103908488)
(994136251, 994136199)
(1104600958, 1131574890)
(503706142, 503706143)
(1131574805, 1131574826)
(1110673646, 1110673550)
(404735346, 404735349)
(1330638817, 1330638816)
(100168447, 100168448)
(558604015, 558604017)
(503706320, 503706321)
(1052277224, 1052277226)
(1330250478, 1330250317)
(26018452, 1103684029)
(100168471, 100168463)
(1272483371, 1068433657)
(100165432, 100165429)
(458580417, 458580417)
(1330250121, 1330250470)
(1340357547, 1167473321)
(558603991, 998195298)
(1330250331, 1330250154)
(1167473372, 1167473364)
(391648192, 530710666)
(464755839, 464755842)
(1330250354, 1330250130)
(687060340, 687060339)
(1330250302, 1330250361)
(718791668, 718791567)
(1242340721, 1315891217)
(392953850, 392953849)
(390280658, 534833610)
(383982442, 456863199)
(404735098, 404735097)
(1330646822, 1330648424)
(1340357449, 1340357519)
(1131574755, 1131574871)
(1272150653, 1272150655)
(1052276983, 1052277640)
(1167473344, 428671594)
(1330638816, 1330638814)
(998240555, 392953913)
(1131574851, 1131574769)
(1103430993, 1103430971)
(100168453, 100168457)
(456863222, 456863223)
(1024974804, 1024974809)
(100168443, 100168440)
(390279550, 1110673545)
(464755881, 464755880)
(1272483364, 1272483354)
(1052278305, 1052278185)
(402744128, 402744127)
(1330250383, 1330250352)
(1274939493, 1274939524)
(534833610, 1340357470)
(410351732, 410351733)
(530710666, 530710668)
(1272475192, 1272475180)
(687028323, 687028324)
(100164344, 100164341)
(100165904, 100165906)
(1259871826, 998240512)
(1052277377, 1052277827)
(1272498910, 1272498923)
(1110673646, 1110673473)
(534823164, 534823168)
(1110673497, 1110673711)
(503706329, 457553762)
(26058955, 26058956)
(503706160, 503706161)
(1074045086, 1074045091)
(701002139, 701143513)
(404735342, 404735346)
(503706263, 482743765)
(534789222, 534789250)
(100167197, 100167192)
(1110673689, 330341455)
(1173286506, 530789057)
(1052277226, 994138460)
(100165881, 100165885)
(1110673457, 26020328)
(1272144875, 1272148945)
(701048788, 701089656)
(391276925, 391276926)
(1330250506, 1330250288)
(814271447, 814271351)
(1232665819, 1232665834)
(1330250317, 1330250140)
(403629964, 1110673700)
(1274939494, 1274939511)
(100168471, 100168474)
(383981899, 383981902)
(1330651067, 1330651095)
(457553786, 457553787)
(402749052, 330341310)
(1272432577, 1272432601)
(503706150, 503706152)
(1271616009, 1271616021)
(385008876, 385008870)
(464755757, 464755760)
(1272462370, 1272466679)
(356802989, 356802961)
(464755697, 464755701)
(384987429, 1110673632)
(1030913242, 1030913290)
(385008865, 385008861)
(410351267, 410351268)
(503706140, 1032260690)
(100174576, 100174628)
(391648549, 391648550)
(1110673642, 1110673546)
(1272500940, 1272500935)
(1330250361, 1330250330)
(1315892708, 1315892685)
(1112966865, 1112967276)
(1272500937, 1272500915)
(1110354858, 403629122)
(1271616010, 1271616036)
(457553773, 457553774)
(1068433657, 1272483366)
(1330250296, 1330250074)
(1103908484, 1103908539)
(1280627869, 1280629078)
(1340357462, 1340357476)
(994137338, 1030945317)
(1272495259, 1272495266)
(1173286481, 457553811)
(100174570, 100174571)
(558604017, 558604019)
(390279667, 330341308)
(994138487, 994137873)
(701134642, 701134648)
(464757314, 464757320)
(26018648, 26018650)
(1103908502, 1103908489)
(1330651047, 1330651038)
(391276639, 391276638)
(390064887, 998240563)
(1315892683, 1315892682)
(994136619, 994135665)
(1167473350, 1167473351)
(100168390, 100168391)
(503706310, 503706311)
(100174749, 100174751)
(1232229609, 1232229590)
(1330651039, 1330651055)
(1232569170, 392953501)
(1103236616, 26020358)
(687060490, 687060489)
(26020361, 26020359)
(998194785, 100167224)
(506296059, 506296058)
(100168408, 100168412)
(1280631298, 1280631294)
(1274939475, 1274939502)
(1271574712, 1271574692)
(403629122, 403629123)
(26020327, 330341311)
(1330646811, 1330646815)
(336969799, 336969801)
(534823166, 534823163)
(356802811, 701143511)
(383981902, 390280982)
(1103430948, 1052278300)
(385009958, 385009959)
(410364070, 410364071)
(1110350199, 503706314)
(1272475188, 1272475192)
(1103236638, 26020354)
(457553813, 1173241186)
(1271574719, 1271574693)
(1274939516, 1274939528)
(1104600963, 1104600968)
(1167473301, 1167473363)
(392954442, 391651518)
(503706294, 503706295)
(464762410, 464762411)
(503706186, 503706187)
(392954326, 392954327)
(1330646818, 1330646805)
(399765481, 399765494)
(1112966890, 1112966963)
(356802857, 356802870)
(1274931530, 1274931541)
(534823162, 534823166)
(1274931543, 1274931546)
(390067650, 390067729)
(1272146126, 1272146134)
(1272158064, 1272158091)
(1167473322, 1167473342)
(814271803, 814271681)
(403626650, 383979511)
(392953955, 391648192)
(1341966126, 1341967686)
(403626649, 403626650)
(503706249, 503706251)
(1330250468, 1330250572)
(1131574774, 1131574706)
(402749046, 402749052)
(100167626, 100167625)
(1271600891, 1271602269)
(1280629575, 1280631299)
(399764068, 399764071)
(464755743, 464755741)
(458580327, 458580312)
(1052277338, 1052277411)
(1272483370, 1272483346)
(1032260702, 1032260758)
(503706153, 503706154)
(503706309, 718791668)
(1074045113, 1074045115)
(1330250500, 1330250060)
(385009969, 330341305)
(26019982, 998194485)
(1274911957, 1274911973)
(456863198, 456863207)
(503706224, 503706225)
(1271609164, 1271609167)
(1173286477, 1173286487)
(330341308, 390280427)
(1112967276, 1112967129)
(1272146122, 1272146137)
(1271600877, 1271600891)
(1315886909, 410351798)
(410363854, 410363852)
(1131574889, 1131574833)
(1280629075, 1280629079)
(404737173, 530710644)
(26020017, 26020019)
(1271609167, 1271609165)
(1272483353, 1272483364)
(1315892663, 1315886923)
(534789207, 534789206)
(1074045095, 1074045106)
(1131574745, 1131574875)
(1110673637, 1315886939)
(458580348, 458580327)
(410351551, 410351552)
(1110673527, 1110673720)
(390279553, 390279554)
(701143517, 458580424)
(457553772, 457553773)
(1271574710, 1271574702)
(464755779, 464755782)
(1271574702, 1271600878)
(1074045138, 1074045151)
(506348137, 356802770)
(503706203, 503706204)
(391647835, 391647836)
(392953846, 998240501)
(1330250567, 1330250146)
(404735474, 404735491)
(1271616028, 1271616016)
(26058940, 26058941)
(1068433652, 1068433666)
(1315886916, 1315886917)
(1271614547, 1271614545)
(391276862, 391276863)
(687060564, 687060563)
(1103236608, 1103236649)
(1340357496, 1340357547)
(404735351, 404735117)
(1232229630, 1232229592)
(1271600879, 1271600890)
(1330250582, 1330250302)
(1131574761, 1131574810)
(1330637254, 1330637253)
(356802828, 356802831)
(1103908509, 1103908496)
(1110673660, 1110673713)
(1272466671, 1272466679)
(994137806, 994137296)
(1271614545, 1271614546)
(385010590, 1110354851)
(1272468971, 1272483356)
(1271602269, 1271600887)
(1103430949, 428671578)
(1272495217, 1272495223)
(336969872, 336969876)
(457547341, 457547337)
(1284648670, 1284648676)
(1167473306, 464755736)
(336969990, 336969993)
(1315892720, 1315892708)
(330341455, 391276640)
(1330250078, 1330250283)
(385009960, 385009961)
(994138090, 994137583)
(998195415, 100167733)
(356802856, 356802857)
(1110354853, 1110354869)
(410364072, 410364073)
(410351784, 410351785)
(1330250370, 1330250193)
(385010592, 385010593)
(1330250554, 1330250136)
(503706192, 503706193)
(1272151546, 1272151547)
(814271646, 26020480)
(428671577, 1103430949)
(410351545, 1030926707)
(1330250275, 1330250100)
(1274939515, 1274939500)
(1272143786, 1272143788)
(457546951, 457546963)
(998195298, 100167213)
(994137737, 994137950)
(1330646817, 1330646823)
(356802964, 356802984)
(391648547, 391648548)
(100168406, 100168405)
(1110354869, 464757240)
(385011776, 391650518)
(1110673567, 1110673419)
(392954109, 392954108)
(1271616023, 1271616010)
(1131574847, 1131574825)
(1271603157, 1271603159)
(1103236641, 1103236622)
(994137454, 994138221)
(1274939504, 1274939516)
(1280629575, 1271594565)
(383981554, 383981555)
(385013746, 385013747)
(404735112, 404735111)
(624265261, 624265267)
(1271603159, 1272140731)
(390067185, 390067184)
(1272158093, 1272158090)
(534823196, 1284635494)
(336969627, 336969591)
(1330648427, 1330648433)
(1052277318, 1052276743)
(1110673531, 1110673723)
(530710653, 404737175)
(457560240, 457560239)
(100167628, 100166320)
(503706243, 503706244)
(26058951, 26058952)
(100167625, 100167628)
(404737170, 385010593)
(1272466663, 534823170)
(1131574855, 1131574900)
(1131574725, 1131574832)
(100168389, 100168390)
(1232569171, 404737659)
(404735106, 404735105)
(100174745, 100174747)
(1103908526, 1103908532)
(410351538, 1103236606)
(391276633, 391276631)
(1207551499, 1207551498)
(26018454, 26018615)
(1231360277, 1231360283)
(26020010, 26020007)
(26020326, 330341468)
(385008870, 385008865)
(391276635, 391276633)
(330341468, 26020323)
(1274939477, 1274939494)
(403629927, 403629928)
(1330213770, 1330213769)
(1136514781, 1136514747)
(1330213769, 1330213767)
(530710666, 404735113)
(1110673552, 403629927)
(428671586, 464755878)
(1271602271, 1271602269)
(1315892680, 1315892705)
(1242340730, 464755779)
(1131574890, 1131574681)
(1103236639, 1103236625)
(998240501, 26019992)
(1330250393, 1330250506)
(1232540723, 1232540744)
(1052276256, 1052276827)
(464762406, 464762407)
(26058744, 1108285682)
(1110673508, 1110673713)
(1024974467, 1024974804)
(1131574832, 1131574753)
(1330250470, 1330250091)
(457560242, 457560241)
(1272495219, 1272495246)
(503706210, 503706211)
(998240290, 402746348)
(402743291, 1284635486)
(336969932, 336969936)
(391276640, 391276639)
(399766336, 399766339)
(1340357473, 1340357505)
(391649011, 391649010)
(1272500920, 1272500947)
(403618730, 1103236619)
(530710613, 503706331)
(687028333, 687028336)
(1110673648, 26020321)
(503706273, 503706290)
(503706314, 1110350197)
(26020343, 26020341)
(457553787, 530710609)
(1131574887, 1131574897)
(100168452, 100168447)
(336969879, 336969881)
(1052276600, 1052278036)
(456863223, 383982411)
(1103236647, 1103236614)
(1131574778, 1131574882)
(457547347, 457547341)
(458580275, 458580276)
(1272151547, 1272151549)
(384994721, 384994722)
(100165890, 100165872)
(1110673404, 1110673720)
(1280621817, 1280621822)
(457547001, 457547006)
(385013741, 385013742)
(1131574706, 1131574735)
(1232229611, 1232229634)
(1272500922, 1272500930)
(1330250111, 1330250253)
(100167620, 100167619)
(1272470997, 1272468971)
(1103908537, 1103908523)
(385013750, 385013751)
(1167473364, 1167473369)
(1272484091, 1068433656)
(503706245, 503706246)
(26020354, 1103236576)
(26018615, 26018618)
(390064448, 390064447)
(1112967171, 1112967047)
(390064495, 998240570)
(1330250274, 1330250448)
(701167049, 701002139)
(503706182, 503706183)
(1032260644, 503706150)
(336970021, 336970023)
(1271614546, 1271614544)
(26019978, 998194997)
(385013706, 385013749)
(383982442, 456863189)
(1131574821, 1131574863)
(1167473351, 1167473354)
(392953719, 718771713)
(1136514784, 1136514773)
(458580424, 701175084)
(100168388, 100168389)
(1232229598, 1232229588)
(1103236618, 1103236647)
(464755754, 464755757)
(1274911977, 1274911984)
(1272475184, 1272475182)
(1272495237, 1272495260)
(994136199, 994138487)
(356803047, 356803042)
(1103908484, 1103908544)
(503706277, 503706280)
(994138221, 994137675)
(1280631295, 1280631302)
(1109624602, 1109624603)
(390280986, 390280987)
(1272462375, 1272462354)
(1131574864, 1131574849)
(1330250459, 1330250506)
(1280631300, 1280631299)
(503706235, 503706236)
(26020356, 1103236638)
(390067634, 390067649)