7
aeroway=aerodrome
32
1068433668
1207551499
687060474
100167698
719013779
1110354855
464755752
384987432
1330250154
1341966126
1330637239
100165432
998240440
1131574855
994137806
336969679
457546963
687060564
1110673496
100167768
719013724
1131574748
1232229598
1271602269
1131574876
1232229605
506348134
1330250088
1131574896
701169136
687060473
1030945274
aeroway=gate
32
1052277250
1330213764
1112967047
392954253
1103430929
1330250129
336969753
503706140
1165384093
1103908510
1024974758
1272483371
1330250158
1330250174
390064447
456863171
1330250311
26058957
689479630
1272500947
1280629080
1112967129
384987357
506348128
385008870
1131574887
1110673639
1103236585
428671594
998194419
1271611637
1271590013
aeroway=terminal
32
26058753
1110673552
410351380
392954389
1032260758
1330250394
1330250523
1271600890
1330646813
1103236636
1103236639
26020001
1103908519
356802984
385009966
410351793
503706294
503706168
391276859
391651518
503706186
464757322
1052276435
100168403
356803033
701143513
534789211
339535452
1167473387
457553777
1271612664
1330250234
aerodrome:type=*
32
1330250243
404735493
1068433670
392954258
687060501
464755741
814271646
698090402
966120869
464762406
1280624169
1103430963
1052276280
26020348
998240577
994137296
814271313
1330250193
701048788
558603989
1232229594
391277672
998240232
1271600876
1110673646
26058735
1110673648
1330648436
391649013
503706230
26058745
100166780
aeroway=heliport
32
1237293056
390279555
336969735
464755849
503706238
384987403
26018452
1340357530
503706266
458580252
1103236637
390280987
464755878
464762407
1131574830
100166320
1052276280
1341967686
456863186
403621204
392954327
1313346651
410351197
1330250463
26020319
391277667
100167784
1052277226
464755827
457553779
534789242
1103236606
iata=*
32
26019973
100165894
1272483346
687060500
457515544
1237293081
390280986
1032260646
698090406
384987437
1280618800
994136113
1330250545
1173286451
100168763
457555645
457546942
1272432577
26018629
456854729
718791373
1167473358
503706192
1259871826
503706331
1131574885
1315892712
1272495219
100164339
100168440
1274939517
1104600959
landuse=military
32
1024974724
1112966917
1052276743
1103236627
506299923
404737174
503706265
1330250401
689479589
698090406
1280624170
701175083
701198768
689479601
1272483381
998240440
503706177
719013701
1330250570
718791373
1112967246
336970064
1271613784
428671578
1173286498
530710630
391277672
1330250222
1030926705
391649014
404735098
534823166