7
aeroway=aerodrome
200
698831360
288201219
1234624520
689392138
1236439565
275958799
26270223
241942544
1207258127
1239257619
1237060628
1236525589
355738134
699018267
1239273500
365405213
26124318
1156874275
1106483748
242645547
1224442924
697366573
1194015278
1227829292
1243587630
288201261
211386925
26267185
263371321
1236703804
722797629
940347966
913164353
490893378
26267203
354970179
1156874309
1234664513
1286945867
880393291
699016781
242978385
213728851
1236196436
485876826
1243093595
1106483805
1154331743
232385119
365405791
232385122
410070623
913324644
242172512
699018340
1215966824
410070639
242553455
1236196468
1250119285
1234664566
410070651
1282996350
1239272575
1234664575
485961346
1215966851
1224443011
1178983045
213748359
1243012744
26124430
913324692
410146969
1243093661
213267618
1224443044
241937573
913256615
354970281
699017900
518783661
244053680
303185074
263371960
913256633
1089043640
1343035071
242553536
1239875784
263371978
303185104
242110163
512536278
1234666204
1202330845
1214767325
409460958
1225496292
913324779
1214767341
226452724
518783222
1250188030
1227805441
480404226
242543363
213775110
1234641672
699017993
1229498123
213721868
1089042703
1214732561
1241184533
1143811862
1244205845
485961496
1234666266
776295196
485965596
218648862
218648865
1235346213
1236401961
1214741803
275951404
229141293
242110258
1236746037
26270518
1202331446
512515897
1089046846
913256254
242971969
512545090
512545100
699018573
512515921
1226136915
494892891
1241195356
518783325
1214670175
1331166057
1089042799
695777135
1225520498
1283045235
231912307
1234596213
689391990
697297268
343667064
288226168
1251308536
26270587
1228172157
305964414
880373643
699018637
591663503
1207257999
1107639185
1089043855
1107570578
1207258015
699018144
1207166369
1207166372
232364965
494858155
913255855
485962171
269593534
1089043392
243857856
263372234
244029898
226251728
357590481
1226137044
485877205
1243853272
913256922
1234641884
1234658270
512516579
232388068
1154331624
1215966701
512536558
1251308526
689391599
1202349042
1202349044
264344568
244053502
1207258111
aeroway=gate
200
26264576
262729216
262729218
262729219
485876228
409463813
288201226
1225520652
1226138124
1227805203
1237060630
1244225047
512516631
482697751
365405207
913324571
913255964
367603736
410079262
1251308072
367588394
213728813
1229497902
245056561
698805810
880393268
483545140
776338487
722797629
367588413
1251308095
1236525636
1224442950
1251308105
1242340938
361091146
1243477069
26124365
512517197
410197583
1215944275
1089043539
275975254
226223711
1239268960
1225632352
1241255528
343672937
1251308140
1235091564
26267246
1215966830
232346736
253421681
1215966834
26267255
1236401787
1239706749
1219159678
1239272573
1236196483
1205795971
1243477125
945711752
667893388
1239706767
699017872
697852050
242110107
1241255584
480403621
410115751
1244222632
1244222634
494858929
1239875763
242166454
242144952
1244222651
1154331844
615938759
226540232
1236745928
679754451
355733718
1214767321
1234663134
1285024480
518783714
1236196584
1156874473
913324779
242639087
1227805425
518783734
1236401912
494370553
697309949
1237138177
211384578
1239258375
1234664200
1156874505
1236745995
1244205836
244029709
494892300
1234664210
1106340115
697309974
1143811862
26270487
1237091100
899126562
1089042722
1089046820
1250188076
494343983
1343040304
343674162
1234666298
512515904
482712900
482712905
1241255754
482712907
1225520462
1235389263
1241195343
1236746065
242199894
213768536
242135384
213768538
485877086
513898859
226217839
913255793
490891121
1236402035
231912311
1234641784
1234596217
512545143
494892923
243011965
242137472
1202330497
1331166083
1202330504
699018635
242990480
1264340882
213716371
1207166359
880373657
1284094363
1106483613
490893729
1202330532
512516006
1226138026
485877164
262732209
367585714
242975154
673845173
275956154
301416379
1156874172
211384250
1251308478
1215966655
673845187
26261957
242970053
26261959
1235815881
263371722
275956173
305776590
232367054
673845201
26261971
1234604501
224568283
1215928796
1202349030
252924903
1310125545
482697710
1207258095
264344565
494857718
1227834358
492098550
1243853306
699017213
1089042942
262729215
aeroway=terminal
200
1106536449
263370755
1236745738
512517646
1160266257
913164305
1156874261
880393238
213728791
1225469974
689392153
699018265
275958810
365405215
242553376
26270754
242553383
242134568
262730288
1089125430
880393271
241936441
776213563
1207258171
1234666558
1202331203
1242340932
1194015301
512517188
697851977
512517193
1225632332
699017806
242111566
1236196435
1227805268
698815581
515108448
1243477091
245056613
245056616
1251308137
1234664554
1286945899
1251308143
913164400
1236696177
490893425
1214767220
494856826
1227805307
1229497984
1109164161
226219142
1234664582
241942666
242174091
1234666635
945711757
253471887
512536207
211427482
515108506
262728347
679754397
512516254
1244209824
242168486
1207251623
1300547753
490893482
354972841
1227805355
494857902
494858929
1239266492
512453309
775308481
210581697
242110152
1342429896
615938763
1239706828
1106286808
1290743517
480404192
1290743522
242543331
1236745957
275952358
354969829
1237076717
1214732529
254113012
1290776312
1236401916
1241184511
1229498112
1237236993
1237076737
1214767366
1089043719
1239273736
512516871
252927242
1290782479
275951376
1236746003
1089046803
25267989
213775137
699016995
1234666275
699017516
1225632560
513898800
410114867
880373555
697310003
527351092
1226136375
1109164346
26122043
1202330942
213768511
1290776384
494892865
354969923
224575302
1205623110
262729032
512516424
1109164362
1089042762
1234666319
1234641745
1225520467
699017043
490893658
242553691
512545116
1226137946
269592425
776295788
512517487
210955631
697297271
262732156
515107199
490893184
1226137991
1106483596
211420558
242110350
1202330513
1202331545
1234666394
485877149
699018148
1239263146
1234666411
242965932
242965935
913255855
513898930
229881780
494904756
1207258038
515107256
301416378
1243859899
1107639229
269593535
26270655
546319812
1243596744
1283019724
208911309
1239338960
1282849233
409464786
1207549396
1282849237
229884375
354970075
357590492
232367071
945703393
263371749
1202349030
913256933
699016677
343667178
1239338988
699017712
1202331121
699016690
242649075
1235329014
264344572
aerodrome:type=*
200
1089042946
699018243
242649094
913255944
275958793
241936395
410311697
1229497874
1227834388
243047957
1244225044
1227805208
410079257
1251308056
1251308061
698805792
410079267
494893093
288201255
722797616
776213553
1244225075
1234666548
1283040823
1236525624
1343692861
940347965
1243012674
914277442
1225105998
1251308113
494370392
243048024
367575131
1236565596
232368219
1224442981
243891817
232346733
1235389038
26267248
1250119284
410070648
1227805307
1089043070
679754367
241936002
410070659
776338563
483475077
354970246
1237236871
263371400
263557260
253421709
288201868
1239709837
1214767250
242110104
288201889
1236696225
410115750
1251308203
1156874417
485961394
1244222650
1239875772
1106483902
1109164223
242543296
913256640
1235389122
242974914
1236196562
698827480
210610909
899126499
1239706851
515107558
242110182
409460969
229409002
26267371
1227805417
1235389169
1236745970
1236196595
1283012852
1237076721
512517371
699017471
1227805441
1239715075
26270477
1236745999
1089046800
1290782481
1234641682
26122003
515018519
213775129
1237237017
252928795
1331165979
485965597
1235346209
275951395
1234664232
1234613545
673845036
1205623088
742427444
226231608
1236401978
1234641722
262732091
1235389252
213745479
232348493
512515919
226233168
502400850
232381780
1234666327
1236746074
699018074
1234666333
242110302
1226136929
1225520482
913255934
232370024
232381800
1239875945
699018089
1236402029
1283045232
1134479217
1244227963
262730108
1243853308
262730110
1234666366
208954747
242145160
26270090
242987403
695777163
1142067085
1165384078
1089043855
512540046
1226136976
1225520522
1251308542
512515991
494893048
1234653593
1202331550
361089952
899105186
262731683
1234641831
1343121321
211368361
913256876
26270129
1225520567
913256888
275977149
1225520573
1234658239
215743424
410117054
26261949
504793540
275977157
563094986
1236525516
1235815885
1109164496
409464785
1237049811
1243853270
26270167
275956189
1243596765
1156874233
494858211
667878885
913256426
252924909
1225452017
26124278
1037436919
1106483704
1342433270
494892540
518783485
26270718
aeroway=heliport
200
410079234
1227805187
1215966724
1225520645
1236439560
913324553
1244225036
880393232
242640914
1225520659
512536084
1241464341
1241464342
26124310
914277401
512536090
1207258139
842542108
26262044
1089042972
1109164575
1239257626
512536089
1109502498
776338467
1229497895
1251308072
1106704424
502401021
1202330680
1227829304
241936446
490893378
1234666562
410309186
880393286
208971335
242642508
945710669
1242340942
914277455
1202330704
242978385
213758546
1225632338
1229497936
490893392
776295512
1219159643
698815580
1194015325
1202330720
913164386
699018340
1214767212
1236401776
213748337
1250119280
1139459698
1290763892
226219126
1236439670
494857339
224572028
1106483837
1194015358
913164414
1243093632
1229497982
26124421
722797708
1089042572
215751310
480403597
1236696208
1282996369
1241255569
1282996374
1214741656
343676066
1236196520
485961392
1251308218
1239266491
1227805372
615938752
1194015425
940341956
243037380
241670345
409462986
1250119369
354972876
241670354
354970328
1202330845
242543332
512517354
1235346156
254113007
354969840
354969839
1214741746
913324788
410117876
1241184502
242133237
354970360
945705719
512536314
1260191995
1241184510
699017470
410079257
1234666241
211285767
1106483466
494857995
1156874510
25267983
305964316
1234641695
263568170
243777835
502400810
224566573
451954477
1214767407
1089042736
1156874546
1237237044
354970424
263568188
343667012
1089043781
269592390
699018054
689391437
242553687
1219272027
1236402015
1226137957
1089042799
485876081
1156901234
242708344
252924795
288226174
26270079
699018110
215753613
1109164429
242990479
213266832
494892433
227036048
1107570578
224544663
26270106
485877149
26270622
913255840
513898913
26131874
232364965
241935782
1234641832
699017641
513898923
1154332078
232364975
232383936
1107639234
1236494786
667884484
208911303
1224690120
699016650
26261963
1236401657
1274091477
226624472
1237265369
275956186
232388060
1207258088
1089125353
1225520619
361091565
231894000
1236565492
512536564
1227834358
1234666487
262729208
1037436921
1225632762
1251308539
1089042429
689391615
iata=*
200
1241797632
1239706625
26124289
1251308544
1226137093
913255942
1234666505
1244210699
1244210700
1202349069
1236703762
26124307
1215928857
1194015258
591663643
1251308060
1106536476
1227829276
914277402
1237079582
518783525
1215966758
275958823
1236439591
485876778
242134574
1214724145
1251308083
1207221812
1234664501
1227829304
1227805243
913164353
242111557
242987597
1236401744
1234666578
361091877
1215919700
365409365
232385109
1241255511
1143811672
262728278
211327581
410070625
213728867
913324644
699017317
1236745828
367588451
913256556
242999917
1236401780
26267253
1214767228
485877378
1227805317
1243012744
213798026
215751310
512516241
1202330779
1244222620
699018400
1236401826
1214767268
1236196516
1239875755
275952300
242110124
1224443057
1237236914
354972851
722797745
699018424
913324728
774362808
242543288
1194015425
215752898
1202331127
1236745934
940341969
485876953
242650330
1089043166
485877477
913256165
1227834604
1237076717
1285024496
1236745969
1214732529
1237236979
1234663156
357586677
305964279
1244232955
1237073160
1214767369
697309964
1241184526
697309967
1236746000
26131729
899126545
1235389202
224566547
1239258391
494370583
275976479
1207265572
1143811877
226209060
1237073190
263568168
241936681
1234666281
1235346213
518783273
263371561
263372078
494911784
1229497656
1205623103
494892351
480425793
1226135872
226231615
945708361
231906122
26122060
494856525
490809167
699018576
513898833
212990802
699018069
213768534
1202330455
490891096
1226137947
1229498206
485877086
485876064
243000676
1244210020
512515942
697297255
1143824742
1234641782
1236494710
1228172155
26270078
1234666368
1244208513
305776518
913256839
776295317
1202330518
1207166359
1207166363
235529630
913255839
1228194720
367585698
275972519
1236439463
245548973
232364983
26267576
232364986
1237265339
1225520573
513898942
263567809
1139459522
1243859908
275977157
1236525514
563094986
242553293
242553294
494370771
1236439512
1243859929
263370716
232388063
913256943
229122033
26124273
1109164531
213714419
494857718
229122039
1227805177
264344571
409463804
410116095
landuse=military
200
1106536449
1225520643
242976775
231903240
231903241
1089125384
842542096
354970130
1089125399
1207221784
913324567
243047962
263370780
26124318
365405217
1243012651
1214765612
1243012655
26267185
698805810
699017266
699017782
1239706682
241936444
26267200
1232769601
1219272256
26264132
1227829321
1224442964
776338517
410070614
262728281
1154331743
1286945887
490893414
1240053865
1250119273
343672939
699017838
494857339
1224443005
354970238
367576703
1194015368
1251308169
945711756
485877390
494892180
354970260
1239883927
242553496
1235091608
699018391
667893402
410115741
1214767263
485875885
242144944
1154331826
1237236914
226239156
242636980
227110580
354969783
354972857
1259846841
354972859
354972860
305963709
253477564
253477568
243037384
1342429897
1236196557
1236745934
226579166
241939683
1234663141
1193997037
512536304
1236745969
1236745971
343667955
913256694
1235389181
1234664191
1229498112
1237076736
1251357955
1234622725
699017478
1234664197
252927240
1237076746
1109164810
1237073165
26131726
485961487
26131729
1234839826
354972946
913256222
1226136864
1250188065
699017507
410114856
1214767402
451954479
26270512
263371574
1234641719
913256250
226454331
1234666300
1089046848
410118465
1205623108
343667012
1250188105
512515913
305776460
1234666317
880373584
880373587
482712916
482712915
213265749
410199898
1236402012
913324893
1225520479
354969952
244047201
1235389282
232375138
1202330465
365412709
913324897
913324903
1234666343
913255783
365407594
1226137963
1236402028
1243853304
1236402030
1205623151
242645874
1236439412
1241255797
913255799
263371640
1228172153
1228194679
512516477
1207166334
242145159
490893202
26131859
1236439446
354970007
1234666395
490891163
1225632155
275979167
365410210
699018153
1215966636
275956144
1202331569
410079153
218655669
1207258040
452617152
1236494787
776295363
878781381
485876165
232367049
252924368
1226138065
1202330577
1243859923
211333590
1037436893
232367070
1202331105
1239338978
1109502436
252924902
288201192
264344552
26124266
1109164537
1243596781
288201207
215738872
1037436921
26124287