7
aeroway=aerodrome
212
714588674
185521158
250638343
867504650
1269972493
712286740
724371990
115402264
742003226
251843101
742003230
101481504
250735649
1106665506
1310940704
209292836
1269976616
1308382762
1215343665
714588216
210757177
1269972537
115402300
253237309
1108960829
741988415
1340461632
1262693951
1123211841
1126117958
248426566
1108881994
1309535819
729397836
1309535312
1266165328
712200278
249415260
249415267
1263931387
812701800
253237354
520740458
253117548
116020334
223971955
101481591
130009720
1107515513
1030782584
729397883
1126118011
1269972603
247944318
812707455
251838072
1308382339
253269642
1126015118
1262175377
250090131
1126118036
148229273
1299417242
1126118050
1339404963
812707495
1339404967
249800880
253267632
150546611
1299429557
250714298
520740538
251520190
729921726
253117631
248441025
1268333252
1330356423
1330356430
1126015182
520740558
1268333265
1106760407
1308382424
711089881
246782684
1280919261
1265372387
1257245412
729397989
615989993
208750315
1280919281
1308382451
1126118136
150538493
1030766334
654288643
139778308
739413252
248440585
739413258
251838220
716309774
1340461839
251838737
716309779
251031829
722372886
431232279
1126117658
185839388
1308382493
724371231
720188705
867504422
1117518631
250087720
259428139
812703532
739413292
1265221420
116031791
738187057
253461810
1265221431
253461820
1300835135
249196865
873135938
1263931206
1106760523
249493325
730077009
711247701
252026710
250735960
723359066
115509596
115509598
251784030
250377571
848010086
432596839
1262597990
710952808
253271917
249197936
730148209
1309535602
432686962
719489906
1264167797
148951926
1106760569
253269881
520740219
250717564
132860802
251031940
249197957
251031944
1267897227
789294476
181496716
1126117774
763371921
250733970
250736535
722515352
1263931289
319825822
1309535647
1331790240
1331790239
714520994
714589091
1106662820
743390638
721528244
1263931830
248458679
724848056
710952886
249195453
722515390
1106665409
250642883
251032003
722372043
712112082
1108881882
867504603
1269972476
718065628
1123164638
259427804
1306856420
148952039
1263995368
742003177
761290216
1215343592
799908842
251615211
1106662897
251032055
799908859
730184700
116086271
aeroway=gate
212
760848385
1123211779
1308382214
249591303
1106208775
712112135
1262282761
246781963
251032075
1108882439
520740366
1263931920
760848413
1270688797
1309535775
1263995424
250371106
1107513379
742003235
223889956
1309535269
1330356263
432676903
1280827443
251032115
738186294
250574905
1262598205
1331780159
1262598209
249552450
215965761
1309535308
248806988
1126117967
251950671
115402321
729921104
1330356308
251843157
1330356311
761253976
1106663002
1108960864
737084002
1262175331
738186850
247449189
725277286
1266037863
1266037867
1269972589
716215406
251032175
747846261
654306936
1309535357
206155902
1262175357
250090112
1262598273
711049857
1108882051
729397890
812701828
1299417229
250090125
539248270
1330356368
712320657
1308382352
1107499667
1262175379
1106665120
1263932065
148229282
723359909
761243814
1265171111
251773610
1279695536
1108882609
132839088
716116149
654288568
1299417274
729328827
240145082
812701887
250735301
1268333261
198440145
723358930
1106662610
26062545
520740564
714519767
251520227
1267897572
1117519075
1280919275
1263931628
729397997
1267897069
253270765
132860149
223947510
248700663
739413243
247431419
1280919293
254347006
1309535489
248532225
185839365
1123164670
1301476102
195739913
741988619
739413260
248575757
251878158
723359503
148176145
185488146
716116244
739413268
432696600
150731546
1117518626
812703530
1263932202
1278832943
1331817265
1123234097
250087738
738187068
1309535549
99308866
1326933318
1267980614
1126015309
743390544
249559896
1263931744
253265249
154789221
251615081
251633006
148951928
150539132
1108882306
1126015365
1331779977
1326933385
1108961162
206113164
1265221513
1311361934
1331790221
251032063
1330356106
195885459
253267861
1339405214
248576418
765343651
720058277
761292711
384860072
1123359145
1280746409
240146349
250643377
1308382129
1267897780
716116408
1263931323
1262598143
253107646
132863422
1331780035
1331790278
1123211719
867504585
1108961225
251775947
1309535696
1106664403
1280765396
1308382166
1309535705
251032026
251615197
1326933470
1108961246
848012258
1268333030
730184679
1106662888
1305375720
251032555
100261360
251839473
208714741
1331790326
1300768759
250761208
799908859
185521148
223945726
208707583
aeroway=terminal
212
867504646
716014605
1309535247
251032080
1262693905
1106664467
1123234324
250097689
250735649
1269972514
743390760
1123233833
432676906
1280827432
250640936
1269972529
1265372214
1269972535
1330356281
720058430
344188995
1309535303
250643019
765343820
723111500
1263931469
206155853
1309535311
210672724
1280765524
1123234390
1309535320
566497370
1265372256
738186851
208709219
1106662501
1123233905
1309535347
1108961399
1339404927
1309535874
1339404931
250090117
1266165381
1106560648
1300742794
100253323
716116108
1309535886
224919183
250090128
1330356370
1309535893
714519704
1339404956
1308382375
1266165419
723149484
812707501
1339404974
723753135
1108960944
1279946930
738166965
716233212
812707518
760848574
729313470
867504322
716313283
250643658
1326933195
1265221324
132839117
132860110
1263931600
1123234001
1107523793
253270740
711089876
738166998
716116188
1126118109
224868576
210674400
1126015202
723395299
1266037986
714520808
127974634
723395309
1104747248
1331817204
654288633
253117690
126137596
1339035901
1346891004
1280456447
654425856
730074879
1263931649
185522948
1117518596
743390470
743390472
1126118153
1263931660
729351444
1126118165
1301476118
1346891028
1261584666
115530010
1112166684
1257245474
723742504
251520808
724871987
738187061
431358261
1299766585
738188099
252415814
1278865229
812369743
251607375
738187089
99308882
812369753
730147161
432598362
115504985
150546781
765343583
1299429732
1107523942
1117518694
711247719
249227632
1264458098
259443059
251633012
768260979
1309535606
520740216
812369785
722371964
724779390
1263931265
1262194568
249559944
760856458
1108882428
251031949
1308382606
1126117774
198440335
1262194577
729328528
1262598038
251032472
730147739
1261636511
1334645152
1261636517
248772006
722515365
723360168
251501992
723359657
226457515
181496747
1326933426
1262329779
252030388
1262329781
1340461495
250718136
724739521
722515396
201145285
1308382150
250642888
249286089
206196170
729328587
720058315
1106662857
1267897295
252030417
151015377
714519510
724848087
714588632
1331780056
1311362009
115934168
1326933473
720058341
718065638
724740071
1117518822
1331780074
1309535725
1262598130
714588667
716014587
1300768764
1280827389
723664382
aerodrome:type=*
212
886045193
1309535241
1262693897
1269972492
738186259
724423189
115942425
714519579
1265170972
724842525
760848421
1300579369
251032108
1262598188
1311362092
1108961328
1263995443
1262693945
251989561
250648635
719047231
1215343680
1262598207
186049088
1269976644
1330356293
1299417158
251032132
711049798
1263931978
1106664524
252019278
1299417169
723149400
714588249
1108961373
683427940
259427431
248575089
1308382326
251877495
250768503
1126015097
130009720
101588603
249415287
1299803262
144484995
1299417222
1268333192
251877513
115958414
1341735567
1106665105
1108961427
1108960917
1299417238
190647446
253117591
760848539
141785244
712320670
1108882081
1268333218
250642082
1265171106
1299417254
1126015144
1108960939
738166956
724871854
1330356399
1215343279
247448760
1326933176
710953146
116036794
1126118078
1326933183
716313282
729921223
246782666
1107499727
1266037967
1305397460
716309734
711089895
1263931623
127974634
1346890990
737084144
247448817
739413232
150714611
190634229
1030766325
711089911
208738040
116080377
151015164
130097409
116031749
1276540170
733458194
248397590
1126118167
954702616
729892121
723359000
739413275
1309535515
251031844
1331817254
738187048
1276540201
250093354
251838254
115504943
116037431
250087738
714588474
741988673
729920327
724371784
249559893
249196890
1108882267
111381851
520740189
1299931486
738182491
1108961120
730147682
251031907
1265221476
148174693
249197922
1262597991
1123359080
251877738
249227632
253271921
251633012
1308382582
259443063
712113015
867504503
722515325
251633022
208717697
251948930
250734980
1123234302
251782023
1263931785
1264458122
1324492171
181496716
1108961162
251950478
251520905
867504528
1299121043
1308382613
1300738470
729397673
1280746412
1280456623
384860080
248575922
1278900147
719527347
1341494194
1331790263
724848056
1123359160
1326933437
760856510
115924926
1263931329
248458690
1262329794
812369857
719527363
1108961222
1299766721
1262598091
206196171
1308382157
1279963601
710953427
765343702
1108961239
1308382171
115934171
185889757
760853979
729397727
250087394
716316133
1123211751
1106663401
1108882409
115402219
761253356
1308382705
1299429874
251771891
1331790327
1311362044
1108882430
250736127
aeroway=heliport
212
1265170947
1108098052
1330364938
1268333070
1310940691
1270688797
1123233823
1108864546
1310940708
1280827428
116014630
1269976615
724765228
251032111
1308382262
208756796
250646078
1262598209
1126015041
1263931971
152885826
185512517
1308382277
250640454
223894598
1269972545
251633220
249795659
1269972553
1339404879
1126117968
234655313
566497362
762927700
520740439
762927705
251989594
249795673
251520603
251948125
738186845
1308382816
210677348
248577127
1331817064
253237353
1340461675
1108960876
1262175344
206155895
1106663033
1266037881
1262175358
714520192
1280765572
1278902922
251837067
764921998
248577166
714588302
1266037907
1330356373
1126015133
1268333214
247448734
1262175393
723753129
253108396
738166960
260027571
1266037939
654288564
1266037942
520740532
1330356411
711248061
26062526
1263932096
712320704
716313280
1106662610
654288588
729313485
246782669
206385360
535364817
1108882642
1123234002
654288596
716309717
716309718
654288598
1299429592
520740569
1339035858
723395289
1330356446
150536415
201153759
246782687
1301229282
1263931620
1309535460
190623973
251949284
246782672
224868585
1106665706
729397998
1104700143
1108961520
190634226
1267897587
185522932
1266038005
251835639
195739900
654288642
733458184
1340422409
1276540170
1265221387
739413261
1108961039
1308382480
741988624
764647698
206195987
251520789
1280456471
1106772249
1106664732
1278832927
638721832
1108961066
1278907178
719489324
723359532
711050032
724860723
763919669
1280456503
116087610
1262597953
714520385
1106665284
1108961099
1108961104
1126015312
1126015314
248641875
1267980630
250100572
1106760541
1299931488
1108961121
1308382562
1308382566
1107523942
1267897704
1262329714
1267897717
259443062
1106662778
251877755
248187775
1108882306
249197957
181496712
1117563276
722515343
259447702
760856470
1301476248
1331790235
1108882845
1107524004
1331790248
722515369
1262329772
1215343535
1262329780
253107638
747054012
724842433
1299429826
148169666
132863427
1330356170
724739537
249795540
1330356181
720058327
208717273
251032027
729397724
1308382175
251032032
251615205
799908838
1311362023
1263995368
1268333032
185485286
1308382190
729919470
1269972466
799908852
723742708
1215343608
867504634
1108961276
iata=*
212
1126117889
799908868
1262598153
1330356234
1287184395
210786314
1108961293
1106662926
714520591
719527951
250647060
198439959
714519064
1215343130
1330356250
251775004
251032093
1265170977
1268333092
799908900
1338392619
1300785708
116014637
738186287
1308382772
1269976628
738186292
1309535287
724871736
1262598203
1106665020
250646076
250646077
1311362111
1299423295
1269972546
247856194
1331780164
1269976645
250648646
140220495
1263995472
737083992
723358808
1030782553
253237337
1269594721
725277286
259427432
1262598249
251877482
812701806
1108882545
1126118003
250737267
1030782581
253117559
206155895
765343865
1266037883
1267897470
760848518
1300742792
1299803277
711049360
723395216
1266037907
716116118
812707482
1106662556
142236828
747846302
206245024
1268333219
520740517
1341735591
1266165420
729404594
1266165428
1279946939
729892540
250715844
729313478
1106663112
253269707
253269708
1262598349
712112334
253269711
208778448
247448787
711089876
110344404
867504348
251520224
250090209
1309535460
1330356452
739413225
1265221356
723742447
1266038002
1308382451
1280456434
253117686
724871927
234665721
130097409
954702594
739413254
248395528
1269977866
739413259
738187022
185522962
132860178
738187028
1276540180
1331817244
1123234076
739413280
248534816
1300727075
140650788
249196837
251520807
253461801
1299429674
1309535530
719489324
1265221423
711248177
1257245489
712200500
1280456503
738187067
198440252
812716862
738188100
738187079
248459082
1299429708
223941968
1267897681
729921360
224900947
1106662739
1126117717
150546778
115946336
250734446
1126015343
954702705
246781811
115505012
729920889
251633017
729357180
503697276
171103613
1117563263
252022142
1331779967
1280456572
144123269
1264458119
250732936
1326933385
718065549
764647825
1262194578
251781013
259447701
251032471
1261636506
1123359132
1334645152
1117519265
130097568
1262598051
99308967
1261636520
714400169
765343662
1126117810
760848307
1126117813
206386105
186054081
720079813
1123359175
1126117840
1308382675
249795541
251032022
252193751
724842459
1331790299
248419293
1106664413
259444190
1312562655
248397789
250087394
1312562652
99309028
729986533
714588142
1308382706
252744185
1262598140
1108098046
landuse=military
212
742003203
1215342597
742003208
799908874
743390731
716014605
246781966
186000398
1330356239
743390738
729892376
148177433
148177434
714519579
116014617
765343775
1108960800
250371105
1311362083
252201001
1266165290
361411631
250574902
719047225
720058430
247943743
1215342656
765343807
251877956
1267897416
738166861
1262598222
738186831
249795663
765343821
714588243
251843158
764639835
115402335
249415266
730147427
1263932005
1106663014
738186856
116030574
432692848
250768498
1309535858
747846260
1262175349
1106771058
251032183
1262226040
1106665081
1299417207
724765299
1126015101
1107499657
1106662538
747846283
714520202
714588307
812701847
1263931545
1309535386
729397915
1106663580
1330356380
729328798
190647451
1262175392
248577183
1336598178
1279946911
249800870
1263932070
253269672
1309535401
1107499697
1346890933
1266037943
747846329
253117630
1326933187
747846340
432600260
1108961478
1339035847
712162501
615989964
654288591
198440145
1268333267
1107523796
654288596
215961307
1308382431
1262598368
234662113
1266165471
1301229284
1265221352
1301229289
1263932136
253270765
247448817
195735794
208750323
132860148
867504372
1346891004
1123234045
1268333310
716309757
723742464
116031751
248395530
1117518608
1276540180
1265221399
250087709
431232285
954702625
141806882
1278832939
250371372
195735855
1299429683
1306866493
1278832961
345824583
1279685447
150564169
223916364
712112461
115504974
248575310
716215117
520740187
223925083
1126015323
1280456539
765343586
148174690
251031907
1262329704
1106665322
1265221488
1257216883
724371830
249197943
763371895
1309535606
768260986
760856444
432686974
1106662783
722515329
1300949891
181496708
432682372
729397638
1117563274
171103631
253267344
1108961169
1326933395
711247763
251816853
250094998
181496729
760848286
1262329758
1309535647
251877794
251877795
132863397
1263931814
714519974
1308382122
722372010
1311361964
1263931821
722515382
716315063
251031994
132869566
99308991
1338285503
1301476289
714400194
1123359174
724371919
251947471
99309022
1108961252
1269972458
1308382699
763377133
251633133
1340461552
259444209
100261361
722372083
251032052
765343733
249196533
1300768757
1123211764
259428347
1308382206
1308382719