500
Simone 402682411 721528310 03 15 05 6
Debi 933777619 1343596958 18 07 32 5
Hubert 581883719 1268333081 09 58 25 8
Freeman 256912251 1280765506 01 23 34 9
Rigoberto 110958028 1126118137 23 33 59 9
Franklyn 119660145 1280765497 19 54 58 2
Simone 849907441 654288531 12 35 42 9
Flavia 971702235 1300773471 23 33 17 8
Alane 582793955 799908843 04 05 45 7
Mickey 908947100 867504551 06 35 02 5
Scottie 790916088 1267897710 13 47 49 3
Felton 182569131 723149317 15 26 06 6
Lewis 214267148 150731546 19 04 07 8
Osvaldo 876869359 190634230 22 29 33 1
Antonia 934467226 729986288 11 23 06 6
Creola 114587097 251775899 21 37 10 8
Clifford 451992865 712286865 12 46 58 9
Magnolia 195889022 812369878 02 47 17 10
Antony 205330989 730185128 02 35 12 8
Awilda 728860111 206113159 06 53 14 2
Edna 371680502 141783183 08 48 12 4
Clora 149962293 1267897513 05 32 22 4
Jazmine 377126697 729313454 14 43 40 4
Deborah 519299687 1280456537 23 48 27 3
Santos 203498606 116014639 20 11 59 1
Sara 664217217 1126015355 22 15 59 7
Rigoberto 748394882 251877655 02 24 44 7
Solange 743750175 142236831 16 16 43 1
Elias 571338533 1264458129 07 53 20 1
Antony 624049751 654273187 20 06 36 8
Son 781880575 729397843 22 21 47 1
Tod 434713940 116015077 23 15 21 10
Sean 474926709 250735408 03 27 12 3
Moira 226206269 1287184395 12 48 17 6
Kyung 588965652 714434335 08 37 23 10
Theodora 546044031 520740187 11 58 22 8
Arlean 642835834 760853898 14 09 22 3
Sean 854856066 1279946955 16 45 16 1
Flavia 628474209 150538959 21 11 42 10
Darci 356197283 729397716 11 27 48 7
Denis 805134972 248397612 07 51 24 9
Ralph 359071802 1117519151 04 48 09 5
Liane 956440647 1330364950 02 37 44 3
Carrie 331595744 712162450 20 28 06 8
Johnie 283715528 1278851943 21 48 22 6
Janell 990431891 799908919 00 39 47 6
Ila 681786773 186846726 00 25 40 6
Aisha 951913373 250371365 14 02 17 5
Margene 701083346 1351320586 18 12 48 10
Cecelia 680735957 249286091 12 49 24 8
Na 809314672 148166460 13 08 23 7
Buffy 718799619 1267980632 03 33 58 8
Venice 146798702 1126015035 03 49 07 7
Son 918708228 249315367 21 43 15 9
Hulda 296139077 654288635 11 49 20 7
Fabian 598916545 132863414 05 04 46 4
Thalia 646814936 148981067 13 20 27 6
Neal 727769633 215964669 02 18 16 4
Collin 456997099 729357234 07 21 47 4
Arlean 532312665 1262693951 18 45 17 2
Sara 654596199 1343593796 01 37 46 3
Dorian 266213935 1310940678 01 28 22 4
An 881928678 723395008 01 27 26 6
Rupert 567799714 208765082 13 44 52 8
Klara 142347052 1279946953 19 17 46 7
Fabian 812626765 714400166 21 43 25 4
Morton 406324800 1279946926 16 20 53 5
Julee 218858258 799908910 16 04 40 10
Latisha 518413974 1299766815 09 08 29 3
Vicenta 628828428 1267897726 07 58 21 10
Denisse 684240975 765343856 04 08 43 7
Sharri 718338533 248577183 23 00 12 9
Gilberte 256497162 1267897623 10 39 29 6
Na 481090141 148165512 10 03 07 5
Nathanael 127162171 760848310 18 25 25 7
Clarence 294418887 259428140 19 42 27 5
Liane 423457354 185484331 17 00 21 4
Emilio 935109069 1280765474 06 32 58 8
Janell 115820728 140282897 02 20 25 4
Harriette 739794825 1263995411 06 39 09 7
Talitha 785489644 799908888 21 40 43 10
Julee 829836547 249197933 02 49 11 5
Arlean 290267981 115530007 12 55 26 8
Tod 674876980 729397668 05 30 29 1
Liane 211809825 812701793 18 52 25 4
Janell 793585201 799908916 13 16 59 4
Hulda 996792102 432681920 16 16 19 1
Clarence 891115296 1299766695 14 09 52 8
William 115425248 720188741 08 46 08 6
Karri 227916232 140295841 17 44 57 8
Angelia 927867330 730184926 20 16 35 7
Rhiannon 550518892 1265372204 00 53 09 10
Eleonor 156461193 259444198 00 21 08 2
Danita 980458288 723359474 17 45 18 9
Sharri 199221212 654273219 11 38 42 4
Hal 292122610 761324293 13 07 07 6
Sharell 992205402 101481567 04 31 20 4
Scott 381531667 185477131 09 01 45 4
Valarie 310314913 1107523911 09 45 42 7
Petronila 844430852 723742888 06 59 41 8
Julee 484202426 1268333026 04 00 44 6
Yuk 796170151 1268333094 13 16 35 9
Agnus 884075623 1267897783 05 25 22 6
Mickey 109427808 251572926 04 24 24 1
Shirlene 822730183 1305390625 14 21 18 9
Valarie 275528872 142202064 15 43 36 2
Hal 162423712 251838085 18 05 52 7
Denis 758244529 248397611 03 55 00 4
Gerardo 181127983 361414447 09 56 24 2
Darci 392508758 142232243 02 24 22 10
Shery 895332739 747853928 04 36 20 4
Genie 341139256 1276546628 03 36 57 7
Ralph 153531619 1305390600 03 38 38 7
Aisha 419070959 1300759628 15 24 56 3
Arcelia 664853082 724738912 17 28 23 1
Howard 771751784 212838200 18 03 01 2
Renea 519745169 799908819 04 14 32 2
Deborah 477517684 738187110 14 23 37 3
Howard 542701544 251773610 09 18 29 7
Hulda 739979797 115504933 17 05 53 1
Hubert 319420181 251775775 21 45 35 1
Veta 406899083 724842513 10 53 32 5
Laraine 322831212 1312562669 13 24 27 8
Renea 440081014 361411617 11 18 39 3
Genie 317323493 1299766595 04 53 28 2
Earnestine 952007480 743390444 21 44 32 4
Emilio 385790181 195885543 02 03 24 8
Sharell 786757381 738187071 05 41 25 8
Samual 591025218 252030398 06 28 44 5
Marcene 586696005 1268333224 18 47 33 1
Matilda 556988750 116088567 15 31 44 5
Sean 214381644 234662126 16 28 07 10
Dannie 892256947 1117518557 22 29 34 6
Tula 605867760 1280456557 09 19 20 7
Logan 574255761 1267897326 06 08 25 7
Flavia 496734310 709656851 01 21 56 2
Christinia 895285762 152853935 22 38 57 6
Josue 459849214 116027075 08 54 25 4
Isaac 215403986 1107515510 06 53 09 6
Alexandria 652778879 729397891 07 44 02 8
Olinda 777763696 1107523743 13 35 35 10
Carrie 485467766 1267897563 06 52 49 1
Jc 777303493 654307106 07 05 15 10
Renea 130345181 1346949343 07 04 44 5
Dannie 450550506 799908896 19 50 54 5
Era 978618133 250734280 18 57 16 1
Brandon 799282473 709656864 13 36 16 9
Berry 629849463 760856514 21 43 58 10
Clora 209661208 116030557 15 48 02 4
Alpha 145643086 1117518388 12 04 28 1
Cleora 990398650 1300697658 12 26 52 5
Anton 383811687 223945735 17 18 12 1
Scott 503667599 765343666 15 03 15 6
Samual 782372961 1287184380 03 35 23 9
Simone 855424202 1268333094 21 44 43 9
Harriette 529308937 248395528 08 34 27 9
Sharri 967525025 1268333275 07 25 01 3
Jeffery 512286510 724842460 00 28 48 3
Fabian 408112423 729397665 14 02 37 1
Julee 285373656 1261584665 10 02 48 7
Easter 658884083 867504350 21 24 13 4
Carlos 257040254 1300742789 00 56 36 9
Theodora 243167146 1267897540 20 20 02 7
Cleora 684223029 711049551 08 31 31 1
Elisabeth 865946384 723149374 08 26 23 7
Simone 534823056 760853886 20 38 10 6
Rupert 410324710 215855310 20 42 32 8
Nada 572659280 764647859 21 51 50 5
Josue 808015483 206195990 04 45 38 8
Antonia 396842993 729892250 00 08 18 6
Edgardo 909432691 1300759630 11 46 58 6
Elias 186810941 1268333207 03 24 35 9
Jamila 930452731 252401955 07 52 16 4
Margene 475125504 1269976634 10 59 09 7
Janell 377296652 1305390594 08 56 38 2
Alissa 225720454 1299766718 02 23 51 2
Liane 832845938 144130935 13 44 33 4
Brooks 798329214 738187078 11 08 09 1
Kenda 443056612 566497365 09 03 43 4
Floria 290131657 1268333169 18 33 38 2
Manuel 451109851 249417384 11 37 12 3
Gilberte 854676907 1117519063 07 01 59 7
Georgette 596310381 1305375720 21 45 45 8
Everette 612572266 729397986 00 18 28 5
Henriette 857987494 250643419 13 35 22 5
Agnus 113112413 712112461 04 08 18 10
Cleora 924588624 248397591 01 54 31 8
Edgardo 287418943 738187052 23 31 11 1
Shery 126185515 738187054 08 26 03 1
Anna 660910249 738187081 12 52 39 9
Moira 271053024 116020336 04 54 06 8
Raeann 728928777 251768980 16 57 01 4
Louann 551280208 723149561 07 49 22 1
Elias 271870447 1117519250 11 46 11 5
Shirlene 636747840 126136815 15 51 43 4
Patria 166762643 250643619 00 40 04 9
Brooks 977634585 250090116 23 15 30 4
Doug 335782333 520740295 00 03 22 3
Josue 100188045 743390721 06 16 01 3
Antony 835013827 226544736 18 17 03 1
Gia 829139528 116089438 10 17 32 4
Valencia 112417378 1280765468 01 39 08 7
Jazmine 805645411 148165518 00 51 34 5
Margene 666936940 1107523840 03 41 08 5
Margene 961594552 1280919262 11 46 15 6
Gilberte 451739752 251783631 16 16 04 5
Genaro 606293599 248426564 12 57 33 7
Arlean 213359353 781849347 15 15 47 9
Thalia 948442743 247855472 11 47 30 4
Adelia 322565558 760853883 21 42 06 9
Everette 318985871 1280456653 04 08 40 2
Gerardo 502994690 1106760442 21 48 17 5
Venice 193542755 250642004 23 23 28 5
Arcelia 658521077 252025883 10 30 30 9
Marcene 813617384 148188281 10 01 23 4
Floria 963472668 252401934 01 53 58 10
Rigoberto 827111518 712286493 19 57 36 2
Eda 126002895 248419293 17 34 32 8
Geraldine 264663747 1300777627 13 19 52 6
Ila 391081576 150546608 19 05 29 1
Darci 488737820 954702627 21 48 13 7
Ila 557915604 251878207 20 52 54 8
Henriette 125513528 234664060 07 05 32 9
Angelia 201390856 206112399 08 22 31 8
Alpha 931065893 100261370 16 41 00 3
Lita 513367633 729892285 16 44 38 2
Saran 156757765 654288642 16 04 43 9
Maynard 204165377 812369846 23 58 00 8
Kyung 161507250 709656821 17 28 50 1
Jerald 490092744 765343865 09 03 16 2
Raeann 969172257 1106760585 23 41 28 10
Margene 694279999 711049554 21 01 28 5
Doug 945223647 743390504 12 03 55 4
Era 870764956 148158618 13 50 09 8
Morton 361872646 729397665 13 12 48 9
Margene 798066387 140650783 23 31 57 5
Rima 976194885 148165520 20 32 15 8
Jc 754132552 1305390643 07 10 55 2
Clora 797905284 195885569 20 28 16 5
Sonya 944853944 729328734 10 05 07 6
Osvaldo 399986144 251838265 05 56 15 4
Nada 279622867 729351500 17 24 09 4
Theodora 320934407 654288633 14 16 48 10
Sterling 527589029 723359500 10 53 26 1
Elias 700524712 148185231 20 44 31 6
Sean 443020213 724834186 21 26 30 10
Rigoberto 723910817 116036790 08 43 11 7
Inell 187994457 259445087 21 32 27 2
Bradley 456967917 195739872 06 31 09 10
Johnie 374323868 144123268 17 13 22 6
Gia 754558027 148976775 12 09 28 2
Jazmine 219017716 150539726 05 47 24 1
Clarence 823857367 252022739 17 09 16 4
Hubert 700718300 252416406 05 47 08 3
Petronila 205461517 1262175346 03 47 47 5
Era 462115491 1280919269 14 02 45 2
Sonya 616619949 185484336 03 42 24 1
Jaclyn 948501039 251775685 15 31 38 4
Jerald 885898261 723395022 03 59 25 8
Neal 501494505 251784033 07 59 55 5
Molly 575480966 1300773502 22 26 08 4
Liberty 864808514 1279946943 20 43 44 1
Georgette 699594918 206113597 15 29 55 3
Ethan 999330260 729397912 08 28 50 10
Harriette 855622854 251775774 08 06 35 5
Hubert 649588853 250642892 12 09 23 1
Deborah 670681140 1117518880 17 15 38 9
Cecelia 189097434 150546613 01 21 18 8
Ebonie 287995716 654288580 15 33 14 1
Johnnie 140946546 729313447 08 02 28 10
Brooks 998384501 1117518701 21 07 27 7
Gilberte 684718201 723359580 13 21 39 3
Buffy 706465146 249590647 13 12 29 7
Valencia 690458537 185482470 14 45 29 7
Denis 302489608 251837641 15 48 11 8
Hulda 295279456 729920707 02 21 56 3
Greg 723147256 140243493 19 28 20 8
Geraldine 194037010 712111999 03 21 36 5
Sharell 952677352 144137060 22 21 57 10
Johnnie 856500660 848009969 23 38 26 7
Louann 723175913 148976785 16 28 15 7
Aisha 534488883 152885826 07 18 18 3
Moises 140652060 150564526 14 56 40 6
Greg 356496299 132860186 09 51 20 1
Jazmine 415524237 1264167800 04 44 54 1
Luis 967198943 223952407 09 03 31 10
Fabian 779435487 729397859 14 13 56 4
Margene 738520231 251843966 12 46 52 8
Jerald 554399580 729351117 15 18 10 4
Carolann 646638448 1267897662 01 04 25 1
Jc 742097853 249286092 15 19 51 1
Rima 885248075 1264458134 13 01 43 8
Moises 343592042 1107499650 23 20 13 6
Klara 719005254 1279946930 22 21 34 1
Lita 879778613 249286092 00 01 17 10
Yuk 176006643 1107499684 15 08 30 9
Deangelo 285485088 140230095 11 15 18 8
Liane 861144037 248576472 13 17 41 10
Linette 664488351 1276540191 06 39 40 10
Gia 106349878 248432825 01 18 55 7
Dorian 831335011 760854951 18 49 03 6
Neal 718244954 1263995502 17 32 28 5
Mickey 507009160 711049531 03 46 08 8
Deangelo 952016734 566497381 18 33 21 6
Venice 496504646 99298287 08 53 23 2
Brandon 103639852 206196173 13 21 42 6
Josue 484949857 1267980645 17 11 49 5
Petronila 215422167 235429796 07 58 22 9
Genie 358973466 1345207441 00 39 08 8
Liane 769229381 223941980 00 58 06 5
Na 587305944 520740248 12 38 34 9
Matilda 481265901 1279946942 16 56 15 4
Ida 883487065 723358727 05 10 35 2
Geraldine 134574884 150568013 16 08 54 1
Felton 313048034 723742651 05 13 18 6
Geraldine 799663442 1117518918 11 50 50 2
Nada 225916112 250929928 03 05 21 1
Elisabeth 248159678 1300759628 22 40 02 8
Manuel 714835468 100254864 08 45 59 8
Ralph 731768371 251842278 00 56 31 7
Latisha 360955630 1107523992 20 07 47 5
Virgie 322027088 1106760468 11 40 33 5
Deangelo 457813592 250648148 03 34 41 8
Marcene 758843928 208765086 16 29 09 2
Creola 801454879 1300738470 06 52 49 9
Scott 967774076 208625139 05 41 03 8
Adelia 882073442 251843980 11 00 22 3
Neal 856626710 711248284 19 38 00 10
Lita 332104626 723742460 14 39 06 6
Deborah 285647736 723395168 08 42 13 2
Virgie 554957761 224870199 07 54 49 6
Neal 521928473 724423173 00 59 30 4
Rudy 735385906 259446668 13 12 22 6
Klara 215023619 132860105 23 56 48 8
Debi 198232466 1264167782 07 27 09 7
Johnnie 834736276 729986555 11 21 39 6
Nathanael 151216321 1299766721 03 46 03 2
Molly 780108943 729351401 01 52 33 3
Jamila 787914580 730147434 01 07 10 10
Kenda 223800702 1270688751 02 26 44 4
Earnestine 186563050 712112281 01 02 17 10
Isadora 613132559 1117518604 23 39 11 2
Gia 921780280 1280456659 17 26 13 1
Antony 749816124 738187098 11 27 15 8
Hulda 128809596 712162524 21 06 22 5
Shery 872353206 760853986 12 37 28 5
Santos 309144348 1107499670 19 55 36 4
Ethan 757552284 654343408 22 51 29 2
Alejandro 782465599 148227349 10 18 48 7
Thalia 689538709 1107523947 20 48 58 7
Rudy 448847061 206245034 09 29 19 4
Janae 759726933 215889334 13 17 36 1
Alpha 611673881 760856511 17 12 10 3
Christinia 241680989 250734223 20 44 00 1
Rhiannon 640188430 1265372204 11 35 00 9
Neal 245919029 729397989 23 38 39 1
Rayford 179326792 729921351 15 59 53 1
Henriette 280528774 654288551 04 41 55 5
Aisha 977065945 1269976628 07 38 25 2
Adelia 828897235 185488144 00 02 23 9
Rima 807598417 712112287 23 06 42 3
Gaynelle 607736499 723395075 09 15 10 1
Floria 680220255 1106760432 06 49 17 3
Osvaldo 609856004 250642887 14 59 40 5
William 567465365 1300773489 04 57 43 5
Alissa 978069126 148651269 07 24 32 7
Shirlene 553796340 116088559 11 16 27 8
Hubert 247885241 1306862515 11 43 43 7
Loriann 366376366 1117518506 00 05 21 7
Saran 790987185 1279946937 09 55 19 6
Rupert 904589784 799908902 11 19 35 5
Alane 811454538 724765281 09 40 45 2
Genny 205104525 215893142 04 21 28 2
Tod 935296472 1300754395 17 20 57 10
Chrystal 183831304 1279946930 09 57 01 4
Gilberte 995376275 132860178 08 09 29 10
Liane 451248861 1262175373 15 10 18 4
Karine 461210899 760853900 09 27 25 2
Franklyn 320436972 248397599 08 30 10 4
Inell 964302178 250640454 09 25 57 6
Eda 328126100 1267897381 03 22 34 1
Julee 382952385 1267897416 11 04 34 6
Klara 574622384 195735906 10 12 40 7
Fabian 525490022 252020145 03 24 40 1
Cecelia 579690745 229548097 23 43 46 7
Osvaldo 663990095 711049636 18 56 01 9
Simone 628240977 210687636 15 09 57 3
Ethan 103012181 249195114 09 54 09 4
Delois 910855616 729397865 19 08 05 2
Denis 675311534 250760266 18 57 34 1
Debi 919270193 250371268 11 50 34 4
Clarence 563664828 100250843 07 52 47 1
Samual 479196551 742003248 12 46 28 5
Clifford 103961790 723359538 04 36 26 9
Maynard 410948449 148953051 20 34 27 10
Clifford 131065587 729397884 17 19 24 1
Georgette 657932944 1262778753 02 49 01 7
Genaro 450144666 747853912 03 32 12 9
Edgardo 258993409 1279946915 16 04 46 5
Jazmine 521948374 250645270 10 52 49 7
Gilberte 236671160 654288554 18 20 25 6
Collin 494594147 730184703 16 05 21 6
Belva 916711069 1262693927 09 03 30 1
Emilio 896995932 1330364945 21 50 00 2
Renea 947326071 760848988 18 54 33 4
Josue 947352646 116191823 17 15 01 3
Molly 590207505 1267897466 18 06 20 10
An 218146940 1305397456 15 17 00 3
Clarence 322645564 1263995460 19 46 22 4
Bradley 394225754 711049589 00 47 29 4
An 704132013 132839095 22 29 52 7
Raeann 433121062 711248363 06 46 18 1
Delmar 316422646 1117518710 09 48 20 7
Era 494022884 1278902913 06 08 00 2
Petronila 207097996 765343821 06 48 04 2
Tula 363459766 1267897570 02 10 11 7
Kyung 518543058 132869555 17 54 10 10
Belva 667409172 250733863 19 57 31 10
Hal 553395234 206242952 16 34 11 4
Delois 280220064 251837058 23 09 24 3
Rudy 706061263 252024666 05 23 08 2
Adelia 669102131 250647165 11 58 16 9
Shawana 304163896 1107513376 17 59 57 6
Nada 240107576 765343813 11 17 29 4
Shauna 120723908 1280919306 00 46 22 2
Moira 300315288 954702605 09 48 54 10
Louann 201692253 724842515 22 49 13 9
Liane 442233677 185484333 14 03 02 5
Fabian 452536276 1106760587 09 40 10 8
Maynard 996866992 724842546 17 17 01 3
Doug 238005207 149368080 00 56 14 9
Ralph 289538227 781849347 00 01 25 3
Lewis 537728227 148976996 19 25 31 4
Collin 411077324 729397882 04 37 54 2
Rupert 182996128 249286086 17 07 13 4
Rima 861218654 117379844 06 39 45 6
Clifford 961111267 729357208 03 49 28 7
Ebonie 597666314 132860147 00 48 24 7
Ethan 422649950 150538596 01 34 02 7
Doug 113535614 743390271 05 47 47 7
Latisha 132930422 723394959 20 38 24 7
Emilio 763061554 724371383 02 07 32 3
Denis 931315271 250642072 13 52 53 5
Morton 437137197 1351230866 20 12 48 5
Dorian 817140832 1267897623 21 17 16 1
Karri 798850923 250734943 09 45 03 1
Liane 167252549 723395329 16 04 07 3
Morton 331028363 760853924 13 21 03 6
Louann 227075279 723359546 14 13 56 2
Easter 781886513 1107523993 16 29 13 4
Debi 478686422 251835399 23 29 07 10
Arcelia 110155606 765343849 00 31 05 2
Hal 880388566 867504383 03 55 52 1
Henriette 681142358 723359056 21 48 33 3
Fabian 467299979 251838085 22 28 29 3
Alejandro 485148531 252030404 12 20 24 3
Manuel 631437483 432689566 13 05 55 2
Dannie 950731152 760530643 18 34 14 4
Gia 930396220 248576509 15 18 51 8
Brooks 798865225 566484419 22 44 46 6
Julee 513415163 723742609 04 58 34 4
Isaac 171436056 206113182 11 40 06 9
William 901841558 249433349 08 14 27 3
Brandon 332764234 148229288 22 30 31 10
Talitha 463904915 148166450 12 18 16 1
Rayford 219516270 259444200 08 36 26 7
Ebonie 823014100 248397789 03 33 03 3
Era 201502120 615989916 23 32 46 7
Harriette 293114852 1126118050 11 08 36 10
Linette 616878893 1108098059 04 50 56 8
Cecelia 786557941 714400176 06 33 47 6
Harriette 301740173 253107639 11 44 23 5
Greg 104776122 1072128863 08 44 19 10
Osvaldo 747557411 654288538 07 16 04 7
Hoa 215503919 1117519236 15 16 48 4
Mickey 486471744 141785857 09 42 09 9
Moises 265253101 206196261 02 53 47 3
Ethan 896788498 738187058 22 15 38 7
Rigoberto 285046471 132860151 23 40 11 1
Tula 866982697 867504443 06 15 54 2
Scottie 687078773 142236834 11 16 45 10
Ila 188727820 250929921 15 56 33 8
Julee 151509787 100250843 11 25 01 1
Samual 632794075 252022749 21 10 43 1
Jesica 855826468 250090116 06 14 33 2
Klara 587953562 1269976649 11 02 53 6
Maryam 190619197 742003215 23 30 45 7
Jazmine 726938866 738187041 00 29 00 6
Hulda 510205489 520740161 17 44 10 8
Na 867473343 250733881 15 58 25 6
Josue 799029789 1280919300 18 25 32 3
An 849473118 760854961 06 06 20 2
Darci 449621911 712162486 11 28 47 6
An 958781617 142205846 18 31 51 4
Talitha 725977821 148188282 19 49 53 9
Bradley 740782739 148166441 19 54 27 7
Mickey 966835810 250929917 13 34 29 8
Ebonie 364799541 760849000 18 47 51 8
Liane 734012656 1300717466 22 34 32 3
Fidel 580336805 250642077 12 14 34 3
