100
Solange 356126335 126117813 05 47 21 6
Yuk 887685278 40650789 21 54 46 4
Franklyn 375486550 52415817 20 24 01 10
Marian 168876579 86069284 03 52 05 7
Lewis 392070685 12369785 22 15 24 4
Rima 310173038 106772246 21 12 50 7
Danita 860968212 24842411 01 20 57 10
Logan 243659137 50733836 19 48 12 10
Denis 847651112 48393078 03 43 30 3
Alpha 135518724 59446671 21 24 58 5
Carlos 535091243 60853922 15 43 44 1
Saran 377876554 280919285 04 47 43 1
Carolann 847962400 330364943 14 22 46 9
Georgette 178694817 107523918 04 28 48 5
Genaro 743575511 262175352 22 46 02 7
Anna 964703829 47846225 00 28 55 4
Venice 973035309 09656851 08 46 18 5
Genie 926240879 85482240 16 48 16 7
Na 912623224 51775002 13 29 18 2
Jeffery 926485589 53107480 05 50 07 7
Isadora 801505300 278832920 00 28 47 7
Elisabeth 192005679 117518522 06 07 30 6
Dannie 628663955 264458111 11 13 55 7
Magnolia 731332456 280456551 01 48 16 10
Genaro 980356806 59444187 00 45 46 9
Eda 215176140 29397989 03 25 15 7
Jay 505145066 309984941 07 11 45 5
Marg 437607829 50538494 14 23 11 7
Rhiannon 583053591 340588651 06 55 17 9
Jeffery 179792130 66473807 07 12 24 10
Santos 420077073 126015148 14 07 03 7
Franklyn 919619264 351230869 22 30 15 6
Sterling 480757138 51843101 00 27 05 2
Harriette 995362688 24848062 21 43 43 9
Arlean 317798982 41779328 19 26 13 10
Adelia 243134944 50546613 12 33 46 5
Sharri 238227516 24842531 15 38 06 10
Flavia 403748664 51843155 12 39 23 2
Marline 662684276 59451006 22 58 39 3
Sherley 607640446 310940708 03 51 02 2
Harriette 659267658 262175338 11 38 57 5
Liane 324576763 51775001 06 33 37 1
Jamila 145590010 11049951 16 33 35 7
Olinda 518493571 95885559 11 25 46 10
Carrie 253731327 59427670 04 54 25 4
Yuki 751680575 00254861 19 03 33 5
Edna 586057843 50644475 06 59 06 10
Louann 124978124 50371251 09 16 54 10
Logan 142962488 67504350 07 52 50 4
Mickey 643997185 29919670 14 51 36 5
Hubert 137368360 29397994 23 17 49 8
Felton 166238128 262175353 14 24 08 3
Talitha 370726007 43390557 00 34 04 5
Debi 773418714 15892286 16 28 01 5
Sterling 181543112 49433349 06 49 50 1
Rogelio 612283594 61412440 21 46 38 8
Raeann 743527618 48158628 02 10 48 1
Karri 402536596 15530010 19 24 05 9
Loriann 953682804 59428347 10 46 03 10
Marcene 400025887 95735906 23 45 27 1
Solange 520679501 262175398 14 37 02 4
Alpha 958178626 12701752 14 08 59 6
Alexandria 214240367 99908902 13 50 22 7
Nicolas 596275066 60848285 21 45 43 4
Na 912190989 60853979 04 25 11 5
Patria 196915643 34662129 00 37 10 5
Brooks 882036343 42003190 10 20 44 9
Arlean 197159595 30184830 22 58 39 8
Latisha 886766805 01153759 16 47 47 5
Felton 611353309 280456654 19 14 13 5
Scott 247181663 23742888 07 26 13 3
Alpha 960832323 14400172 20 25 12 5
Gerardo 585175523 48392797 08 20 03 8
Solange 523227730 51775688 10 57 11 3
Magnolia 309951276 52024662 04 41 54 7
Hulda 199632672 49197873 10 06 32 10
Denisse 228624568 126015056 19 47 22 1
Anna 915972041 11050070 01 06 42 4
Eleonor 367912590 23149314 11 10 52 2
Ebonie 586641582 268333304 21 37 48 9
Liane 481337416 32681922 18 59 03 6
Louann 715828014 107499687 22 18 09 6
Liberty 831929008 48758973 08 48 46 8
Hubert 836908603 11049409 11 06 55 9
Franklyn 405442174 29357131 03 33 18 5
Awilda 460690104 06118569 10 21 25 8
Denisse 651311817 54288531 04 00 27 10
Jamila 985740051 59443058 00 18 50 7
Inell 662796102 50760264 21 15 12 1
Bradley 643633094 53107647 03 03 54 7
Santos 307370689 23358814 05 33 41 3
Nathalie 545758135 30096770 20 11 00 2
Johnie 575441921 269976647 09 59 54 4
Solange 578416609 28360521 13 09 25 4
Jaclyn 730179319 23957541 08 36 48 3
Jerald 230528279 50540529 13 37 14 10
Jay 738942495 15965127 20 40 35 6
Felton 550605045 54288602 13 17 45 6
Darci 955338208 50082147 11 53 19 4
Darci 775539681 50564531 17 52 56 1
