1000
Rudy 172650431 39991049 02 55 24 9
Talitha 181836070 59446117 09 07 28 8
Liane 660042258 39248270 16 34 04 1
Sean 467064234 24842549 02 53 55 2
Rudy 303267648 54288643 04 52 41 8
Collin 911708204 14434335 19 30 46 1
Jesica 428799809 43390647 10 23 59 4
Jerald 865650050 50082147 04 55 07 1
Josue 937593451 06242946 04 33 23 10
Jeffery 725200801 12113156 19 05 17 6
Brandon 879088871 50714616 03 44 36 5
Ida 503219232 38183776 16 25 32 7
Molly 525312641 267980639 16 05 34 8
Franklyn 892464467 267980650 17 15 35 2
Laraine 344106222 48441726 15 39 52 1
Awilda 171099749 48539970 15 26 26 6
Era 510112201 34662118 09 26 21 10
Tula 944861961 49197869 01 43 09 7
Ebonie 702676475 11247953 05 14 01 1
Patria 980782059 300829704 10 01 33 2
Easter 579128981 16082235 05 37 54 6
Man 306890753 60853912 22 20 46 7
Ida 253854748 16019574 15 24 55 6
Easter 911489731 38187091 19 53 15 3
Hulda 114203470 50538463 12 42 44 1
Nathanael 234206017 29328489 12 13 32 9
Virgie 239369636 280456571 21 26 44 7
Alexandria 345030222 300785707 11 47 09 9
Buffy 423979709 24834186 18 58 02 4
Nicolas 483850895 299766686 04 51 43 2
Delmar 860838945 49193960 07 26 26 9
Kenda 742228623 29986561 01 20 31 9
Ida 557681900 06245034 18 28 26 10
Magnolia 111693317 67504470 01 45 08 6
Christinia 580472801 12369758 08 53 41 3
Bradley 736358772 49197962 07 01 17 1
Doug 252429387 28832014 01 41 20 1
Jamila 736261675 12162248 03 09 56 6
Fabian 701268667 24905899 00 16 16 4
Petronila 760404925 264458104 08 22 38 7
Marg 378870213 262175332 08 19 09 6
Maynard 615411226 34655286 11 13 29 9
Bradley 970740743 42003212 07 00 26 8
Collin 797656420 60853903 22 36 53 5
Jazmine 504862079 48637570 13 43 48 5
Danita 899298186 280456331 04 31 13 7
Gerardo 111656001 29920762 09 50 51 10
Henriette 561797420 12369741 04 57 15 4
Antony 345715567 267897780 06 22 50 8
Gilberte 109682125 29892694 01 53 35 3
Johnie 694957431 299766741 13 49 33 7
Tula 740802259 49315153 09 35 28 10
Alexandria 308318270 278832896 01 36 23 3
Rupert 785665324 24422978 00 43 33 4
Genaro 747450080 86045171 03 13 56 5
Delois 335744219 48539972 17 51 13 3
Liberty 308389283 9298281 09 56 50 8
Liane 978699332 262194567 02 05 02 4
Jay 946960829 50371267 14 34 10 4
Theodora 474899900 51838254 14 51 59 8
Magnolia 178287497 300768759 21 06 37 6
Sharri 367055599 85972313 23 43 07 7
Moises 377815498 50538464 07 28 57 7
Brooks 385882984 50734943 09 20 14 3
Marline 666004821 00250785 04 47 22 5
Carolann 953497327 280456517 08 11 51 3
Clora 375402171 48632109 07 07 37 5
Hulda 879055163 280456469 09 34 52 5
Carrie 705099041 23894576 00 07 54 6
William 763118274 117519202 10 25 44 9
Josue 526393373 29919509 10 56 15 1
Danita 401571571 29397869 05 31 41 3
Angelia 234595920 67504350 22 05 48 2
Darci 675917448 48010501 15 15 33 6
Rayford 812050849 268333030 11 50 02 2
Luis 194404759 00250822 21 07 42 5
Carrie 283017655 23894561 10 14 10 5
Hal 476956272 44137060 13 52 39 3
Delois 353551169 48422068 08 51 44 6
Alejandro 350049447 267897787 22 13 46 8
Alane 110978917 32839125 23 14 34 2
Awilda 567197486 12701774 16 49 48 10
Delmar 235387810 29920879 20 36 47 5
Shawana 175254521 276540197 00 36 48 10
Janell 640011047 50372155 13 10 06 10
Inell 147957975 346949324 13 52 18 3
Arlean 600026353 29357173 10 18 21 3
Rogelio 270214170 23742701 10 34 52 2
Delmar 920804786 50537518 23 43 33 5
Gilberte 470838258 48397607 23 38 12 1
Rudy 136421087 43390293 03 15 01 3
Saran 639932019 280919262 11 04 59 7
Madge 782036597 20096513 10 20 26 9
Rupert 305561117 280765542 14 25 19 4
Eleonor 111309069 51518459 22 24 35 7
Adelia 755115550 50714611 10 38 57 2
Gerardo 985617085 300773502 19 13 04 1
Arlean 988786825 12162346 03 22 28 2
Sean 810438661 23894591 19 49 25 3
Shery 206649949 20740253 16 31 45 5
Adelia 937128215 299766681 03 14 40 6
Brooks 457540684 34662113 15 12 24 8
Alane 390404269 50734224 02 55 58 9
Dorian 181020236 106880460 05 05 09 10
Carolann 208373812 48976775 16 53 19 7
Ida 871600519 268333216 03 46 41 1
Genie 872686391 50090121 14 20 15 3
Vicenta 278682585 08750315 01 28 35 8
Karri 233037767 107513408 00 32 56 2
Shawana 712551918 270688782 23 15 45 9
Everette 562463648 52024597 17 50 14 9
Liane 131679705 65343813 10 06 07 1
Loriann 674762233 23395282 12 49 52 9
Greg 972952941 299175731 02 00 01 6
Clora 322241083 262194580 14 11 22 9
Scott 961809255 117519172 14 46 43 5
Julee 939996536 47853959 19 46 06 6
Alpha 148636094 268333254 02 46 32 4
Virgie 394185755 267897406 09 51 27 1
Julee 599069191 29921214 16 40 50 10
Anton 630883442 23395088 15 00 21 5
Elisabeth 426988948 32694271 05 59 13 7
Rudy 941069588 50371267 06 43 23 10
Nicolas 826261567 51992132 00 35 18 6
Franklyn 444849047 81849346 01 33 36 8
Patria 521761280 23149307 06 25 18 7
Ralph 982956561 48165514 07 58 08 4
Georgette 347348604 54288626 04 41 55 4
Liane 867322179 49436247 11 50 56 8
Solange 255009795 311225414 23 38 11 5
Gerardo 876096926 49591127 21 56 42 4
Veta 954969776 10686580 21 50 37 8
Nicolas 693577638 34655281 01 13 11 10
Rudy 414662208 50647053 05 05 29 1
Shawana 174957549 48216743 16 35 55 3
Antonia 381910212 267897683 19 38 06 5
Scottie 160800772 126015197 00 01 47 2
Josue 647151608 48185215 08 03 45 8
Gilberte 586958975 23360033 08 43 21 9
Janae 712395851 267980614 00 08 17 4
Antony 445180152 29398002 00 59 21 1
Carrie 136520887 280456557 18 15 14 4
Gia 196020790 35429796 11 46 15 8
Delois 981771359 51989597 17 01 03 5
Janell 320259571 51835835 14 23 37 2
Julee 988769562 52401955 21 37 16 1
Liane 822801531 299766585 07 38 56 8
Sherley 951927049 16038156 17 02 32 7
Danita 292193520 32869543 03 19 28 7
Marcene 352497924 280919277 01 54 24 4
Delois 157058001 51835717 04 03 21 4
Simone 363872811 50734229 19 30 52 1
Shauna 596170449 299766657 23 31 16 3
Evette 951199949 23894585 02 31 40 8
Rupert 581904684 299766679 16 24 08 8
William 864731834 34655312 11 16 50 10
Veta 860406234 23359978 01 49 22 3
Angelia 395340858 107523975 14 01 45 9
Agnus 150369152 29404596 02 34 26 7
Na 906373849 40243493 00 01 44 8
Greg 416911676 48952038 07 48 09 7
Marian 307368060 23395276 10 00 56 2
Clarence 441793735 268333202 09 32 36 7
Venice 592547482 43390587 17 56 27 5
Nada 247271358 29986564 20 01 53 4
Antony 102408998 50090127 18 47 32 2
Gerardo 565175834 12701733 04 06 00 3
Kyung 680051870 60854041 18 04 48 2
Man 767830937 262778729 23 38 09 6
Gilberte 665476029 54702623 03 06 06 1
Scott 838294407 300750875 13 14 46 5
Jaclyn 100286997 09436517 11 27 56 9
Sherley 595990178 29357209 15 18 18 9
Clarence 864476871 48168781 02 55 29 1
Moira 859743922 23960648 05 29 12 5
Sara 819921180 48166447 18 43 14 6
Raeann 526931286 51783786 16 24 41 2
Anton 529774782 23358367 00 39 31 1
Delmar 119071644 54702639 02 57 24 2
Debi 491117387 51989597 23 04 03 7
Felton 740999255 42003226 01 07 48 2
Inell 640696782 265372321 02 30 00 3
Simone 463641390 11049868 05 40 37 3
Delmar 852684731 51503493 18 42 02 9
Molly 661011830 99908832 19 55 33 10
Tula 137249698 48397610 02 07 55 8
Ralph 488249480 300835134 02 16 43 8
Anna 777820461 32686962 14 51 27 4
Edna 785624201 29920797 11 44 33 6
Matilda 410155739 264167790 10 17 38 9
Rogelio 792207648 54288615 14 51 32 3
Yuki 849643181 280456556 07 45 56 6
Morton 950799029 35437258 20 12 34 10
Arcelia 143865351 60848510 20 09 35 5
Clora 897496654 48976777 11 15 03 5
Edgardo 148330345 264458109 16 39 42 2
Bradley 520624581 40147828 02 56 37 6
Rupert 719709743 88033160 17 58 04 10
Jerald 716225313 48772115 02 41 21 9
Latisha 933463780 81484972 12 39 00 1
Virgie 661337829 29986275 17 24 47 6
Liane 527472138 48758968 15 45 49 2
Danita 850310221 60848291 22 59 38 5
Ashton 458316985 43390721 17 55 36 9
Greg 393274864 276611237 04 32 49 5
Jazmine 868199770 107499661 00 24 47 2
Edna 222961703 29892326 19 31 38 6
Jesica 731904621 310940692 17 20 31 1
Raeann 387395481 30097567 06 48 03 3
Collin 284391230 12287042 04 34 19 1
Evette 133586205 117518946 12 34 30 8
Jamila 670512201 280456602 07 23 00 8
Janae 680976871 29397852 13 38 29 8
Laraine 647910640 50538598 12 12 20 4
Carli 638911278 48167435 21 04 35 6
Gia 922385090 20740219 02 28 44 8
Evette 586077956 50643420 23 54 51 9
Rogelio 600108290 48952038 08 18 31 1
Karri 185654694 65343862 07 17 52 7
Delois 169314898 16088566 16 03 38 10
Janae 442590222 49195459 07 47 11 5
Sharell 904152790 16088566 16 27 37 8
Tod 160897360 20740259 15 57 37 9
Nathanael 795991487 330364942 01 34 09 6
Dorian 438183556 117518853 14 51 58 9
Edna 357905269 300727076 01 22 48 3
Lewis 724630339 29921390 18 28 49 6
Agnus 654857172 278851934 14 52 21 8
Scott 967003880 42003188 07 36 46 10
Christinia 849031662 20740271 00 21 14 2
Julee 872891060 23960657 12 24 23 7
Logan 875454512 42003235 03 19 36 3
Thalia 718920567 48432823 05 16 37 6
Samual 920738452 54702758 11 18 46 5
Everette 813354732 267897089 14 50 11 2
Solange 844178759 29397642 17 49 54 2
Molly 539329285 09749324 21 32 07 5
William 709993434 53108008 21 55 24 5
Chrystal 422853685 267897516 02 26 03 3
Chadwick 123017613 12369883 12 54 50 9
Lita 764794147 300735489 15 31 45 3
Jeffery 126394620 267897460 17 00 40 9
Genaro 744134028 310940710 16 10 06 1
Rima 140033238 59427949 07 32 54 1
Nathalie 285901246 52021476 08 55 33 9
Nathalie 956464310 50734944 17 44 09 3
Justine 528034909 268333279 12 49 41 3
Liane 614259237 43390599 12 31 03 6
Belva 330084416 48395539 00 00 14 1
Venice 369156907 60848509 07 56 00 7
Carli 272973098 279946911 11 20 59 6
Genny 647643697 107499665 07 45 58 10
Karine 353851733 49197914 07 57 12 6
Scott 364862133 42003219 08 09 34 5
Sterling 538818902 59450128 05 41 52 5
Sharell 481566678 48791621 13 31 20 9
Kyung 906194858 50537589 21 54 00 9
Valarie 452897488 23917836 21 43 25 4
Maynard 395896269 50642047 00 43 20 1
Moira 154826351 11049424 18 42 42 5
Scott 433608546 54702645 08 37 46 10
Maryam 695533644 47047080 19 09 22 7
Agnus 212639334 23941978 19 42 51 1
Sonya 824102293 107499744 11 11 38 8
Inell 576273080 345207440 14 26 48 1
Denis 138418049 29357103 00 07 19 2
Anton 782549466 53107411 08 29 05 6
Venice 611039414 299766610 13 20 52 2
Debi 345732413 23742784 20 29 37 7
Shauna 353303071 48442173 14 19 56 5
Yuk 534721343 24919179 21 24 12 2
Dorian 198211179 270688792 07 44 04 1
An 509509279 268333030 14 01 00 2
Nathanael 675295018 29357180 02 28 18 10
Vicenta 751958536 60854961 14 42 01 6
Ebonie 401267313 65343865 02 34 41 4
Eda 357479725 50643019 18 54 24 1
Tula 566028356 50574907 02 33 35 7
Renea 180257133 24917862 10 05 30 10
Ila 530721153 50644536 10 13 18 4
Antonia 816559051 300775746 19 36 06 2
Rudy 616636586 65343850 00 37 39 1
Sara 593450630 108098040 20 59 06 7
Josue 110860965 29397920 18 56 08 6
Olinda 523925946 65343855 12 47 39 4
Ida 681543683 85482247 12 26 35 8
Everette 119737011 117518883 19 34 29 4
Arcelia 668875331 305397451 23 48 11 4
Maynard 446664859 278851934 21 37 11 9
Sharell 496494547 23945731 03 14 28 2
Ebonie 836828782 300738458 10 00 52 9
Theodora 419200321 270688779 13 44 32 6
Jay 402437256 279946971 04 15 12 6
Gaynelle 735757918 50371081 14 17 37 3
Simone 503636688 52200945 12 58 54 2
Lewis 527428451 42003325 18 57 45 10
Ralph 473903925 29397718 22 28 15 4
Buffy 289221165 269976662 17 54 52 5
Shirlene 566455166 32696603 15 08 26 3
Collin 481938585 50728798 03 15 07 5
Ashton 175953833 65343831 12 27 57 1
Clifford 432738260 50546609 15 00 47 8
Linette 271711305 267897199 10 55 21 8
Carli 733262449 23359061 23 26 22 5
Awilda 227036221 263995481 14 04 52 3
Jamila 916851702 15530014 18 20 24 9
Berry 424414345 16015077 06 42 04 10
Osvaldo 220215394 29397846 10 12 33 7
Matilda 898336335 262693935 23 44 25 8
Denis 873881826 00254856 06 00 40 7
Sonya 517727070 16023181 18 58 26 5
Raeann 543534639 29328496 12 04 33 6
Jeffery 958337927 53107630 00 19 10 10
Marian 499411954 117518782 11 00 31 4
Geraldine 424059931 117519150 13 29 13 9
Harriette 999229676 95739866 03 42 59 10
Lita 809724043 64647698 02 05 05 8
Nada 942360394 48758969 00 22 35 4
Liane 977496015 50537793 10 05 41 2
Chrystal 948023292 00253323 03 29 16 10
Sharri 459975145 269976629 03 18 44 6
Evette 554893380 52194089 11 54 53 8
Simone 870035105 48395543 22 02 36 10
Henriette 241100457 23358485 01 07 26 4
Josue 698030750 269976636 08 09 25 1
Edna 169038358 59443338 20 41 45 2
Janell 375496095 29892185 12 03 52 6
Felton 117911195 29397923 16 23 13 6
Julee 186136271 67504348 13 29 35 10
Alissa 779222622 54288589 09 33 09 1
Gilberte 567550298 01582484 14 17 35 7
Kyung 118255140 50546602 02 14 04 5
Nathalie 512147139 23742482 17 48 38 3
Eleonor 174705238 300742785 10 33 30 8
Santos 548136189 24842459 05 08 12 5
Latisha 812371833 29357173 16 04 32 10
Brooks 463923416 65343831 03 02 30 1
Adelia 932282126 108098048 10 45 56 10
Klara 143109208 41796055 03 05 23 9
Manuel 824599128 51838111 17 15 18 10
Laraine 150433091 29523363 10 38 13 10
Patria 735629634 50735299 03 42 24 2
Anna 407720059 29328610 08 52 32 7
Sonya 175301666 59451006 19 16 11 8
Jazmine 618587757 48159778 13 18 47 9
Elisabeth 498288299 99908869 08 48 12 2
Brandon 998103055 280456571 07 31 45 2
Maynard 962246620 11049836 15 48 34 3
Awilda 584038750 48651270 15 42 12 10
Jerald 372259177 90634226 04 49 55 10
Liane 654942518 01155210 02 09 57 2
Linette 987022931 98440105 21 46 13 8
Thalia 608617410 61411832 18 57 25 2
Latisha 919450909 10677351 00 39 07 6
Sharell 874661347 50093829 14 21 34 4
Alejandro 742589533 107499712 07 55 12 3
Scott 873513330 48012312 04 40 28 8
Jc 626550931 52020148 18 17 58 1
Flavia 428600292 117518822 00 21 28 2
Edgardo 296789326 280919284 09 18 00 2
Valencia 778722673 117518522 18 53 58 9
William 345709604 278851935 00 24 09 8
Theodora 326770409 50645540 23 25 07 5
Yuki 766615393 52415512 21 18 18 2
Na 238408218 85889759 04 18 32 4
Sean 345198119 53107419 01 56 46 4
Anna 415601731 08772957 14 09 18 9
Alpha 153924326 99908839 21 19 43 5
Valarie 948990926 52030392 14 31 09 8
Mickey 538283036 117519285 04 49 19 7
Lewis 204902083 67504593 23 15 59 2
Bradley 571802523 51878204 07 51 26 9
Hal 377073094 60848559 14 27 50 2
Theodora 180760721 267897218 06 06 27 1
Laraine 685276313 06245020 16 15 24 2
Logan 399261300 06113185 18 39 20 9
Clifford 690021921 280456469 16 46 37 10
Darci 334325604 280765422 01 17 29 3
Madge 562970232 29921401 01 15 16 1
Moira 420903725 86066124 04 41 08 6
Nada 322396972 20079876 23 48 52 8
Gilberte 822341304 29313478 18 40 35 7
Justine 929420633 23359618 05 07 03 8
Kyung 275441635 06196485 19 41 31 2
Howard 802544692 41796055 18 49 10 1
Rudy 548845362 50647700 18 13 50 4
Carrie 951053867 67504507 01 21 56 9
Ralph 682486770 32869568 08 42 31 2
Chrystal 407471095 52030401 16 35 56 9
Linette 717345703 267897218 06 05 46 4
Fabian 277908800 42003253 20 40 41 6
Hoa 100610282 48185231 15 12 34 2
Delmar 970437448 278854938 07 31 45 3
Raeann 392198339 24402528 01 18 36 4
Hoa 801291925 41796055 09 58 11 10
Awilda 566815589 268333218 16 50 27 5
Carolann 578140764 48010212 04 26 49 5
Hulda 378764641 41779330 18 23 43 2
Solange 956453922 29919889 04 43 42 9
Lewis 376374119 16023181 04 47 37 4
Rupert 467543951 16023821 10 59 40 9
Isadora 888369493 52401954 10 25 35 5
Earnestine 790025343 32844144 22 44 48 4
Franklyn 279198914 59444190 00 35 27 10
Loriann 192379021 52020711 11 15 37 8
Howard 221725921 60530660 15 31 45 8
Shauna 832262893 60853888 01 53 48 4
Jc 459096603 30184854 19 21 34 3
Doug 523266516 24422996 11 43 07 8
Carrie 153335460 86069302 13 23 57 8
Alissa 853647276 29357169 20 55 26 5
Rayford 326849926 50735562 01 42 47 10
Logan 183897212 107523934 07 55 47 10
Shery 804198368 29397768 06 15 48 9
Olinda 586385528 47859256 20 04 24 3
Ebonie 398966098 29351471 12 28 07 2
Gia 958872743 50642670 05 52 53 1
Carrie 560355632 48158613 15 39 15 5
Jc 655375703 16192062 11 40 14 8
Klara 519159437 29397785 21 32 41 2
Evette 274992355 280456507 22 24 09 8
Virgie 502578188 15989861 17 44 51 7
Liberty 341927597 299803293 07 45 00 10
Nathalie 678953000 00254856 06 11 41 2
Sara 249557835 48167452 16 43 17 9
Rigoberto 707693249 86056010 04 11 15 1
Anton 654313322 52416406 12 54 11 8
Leana 126643481 48641876 10 50 48 9
Franklyn 114726863 48632109 18 08 42 1
Santos 486937655 49227628 23 59 36 6
Sharri 858781349 30147126 04 18 24 10
Logan 395945085 42003215 08 33 58 3
Denis 861648201 107499650 14 57 14 9
Brandon 239529549 12369758 14 26 14 5
Isaac 126924130 268333189 18 34 30 3
Curt 117055159 50643020 16 48 34 7
Olinda 704646235 50371072 16 48 25 5
Marian 654553393 24423175 12 07 00 3
Ila 614633057 34662112 23 32 18 3
Edna 391672746 11049405 11 50 51 5
Renea 535334929 287184359 21 54 26 7
Nathanael 571442012 11049825 23 12 07 9
Gia 128631620 50090214 12 10 17 3
Hulda 957825145 20096492 23 30 02 7
Sonya 459638351 38183782 13 31 47 9
Scottie 197460639 51838199 18 07 01 3
Rigoberto 546575072 300768753 11 23 45 9
Jaclyn 481978622 16036802 06 02 10 7
Linette 380409274 299766801 02 16 21 6
Deangelo 370032266 15989914 05 34 19 9
Brandon 728413735 299766657 04 14 54 10
Manuel 933909518 52024666 21 43 30 4
Rupert 613052451 117518637 20 58 12 4
Cleora 799051461 34662127 03 13 43 9
Berry 252745445 34655277 08 20 40 10
Rima 846540475 67504585 13 45 59 1
Sara 335705240 52019068 19 50 31 6
Alejandro 982731829 269976615 00 34 58 10
Easter 912368027 51877810 10 24 04 7
Dorian 528765416 29397580 05 57 21 9
Alissa 988926608 48638703 09 16 53 9
Liane 659890506 51838683 04 53 53 2
Nathanael 227090783 276546632 02 50 19 10
Hulda 508136099 22372034 04 48 34 10
Clora 276672320 23359288 14 20 18 5
Edgardo 357458863 99908883 10 52 27 8
Hoa 130508110 265372287 07 56 53 1
Shawana 329163715 41785856 13 58 31 10
Felton 583291296 23395289 00 19 57 6
Doug 289883252 267897160 23 54 00 6
Rayford 382899729 11049546 06 33 21 3
Margene 857863947 107523702 15 31 26 10
Johnnie 182246190 32863397 20 01 23 1
Anton 874138121 11049597 04 11 47 8
Carrie 711281860 64948114 09 18 10 10
Marian 617653494 50734725 23 40 37 9
Collin 516934518 29397790 19 29 21 5
Shawana 927351855 276546633 23 47 55 2
Evette 634176712 48012301 23 19 25 4
Rigoberto 954252921 50641387 19 31 42 6
Sterling 873621581 54425858 22 27 24 8
Shawana 910025762 66473807 01 17 32 6
Franklyn 949260449 267897663 14 50 53 10
Ethan 164096287 48010049 15 54 21 3
Louann 791013726 20096505 15 26 30 4
Cleora 630975294 53107419 21 38 58 2
Mickey 196077464 54702616 18 53 41 10
Sharell 669896525 48976777 17 40 23 7
Shawana 871323667 48397789 07 00 08 7
Hubert 834213061 32860105 19 36 50 4
Lewis 914213726 107499684 16 34 16 6
Latisha 900533637 54702757 02 47 32 6
Virgie 918468180 29921401 08 07 34 6
Louann 212497861 300785724 18 06 26 5
Veta 537129481 34655261 10 52 54 1
Manuel 394876084 23359262 17 30 11 1
Hoa 606216480 52024983 13 52 49 3
Genny 663614070 23889951 10 53 10 2
Marcene 970772252 28352962 10 14 41 1
Alejandro 788766139 24917860 02 08 11 7
Greg 379112453 42211362 17 37 45 9
Isadora 797903494 90647453 08 20 51 8
Johnnie 790002635 32860147 13 59 41 2
Ethan 813570627 117518757 18 05 36 2
Antony 245187165 60848509 23 05 02 10
Simone 370324393 276540197 01 43 00 5
Eleonor 793269418 16030557 10 16 53 5
Margene 308663133 109528887 07 12 40 1
Molly 908929089 52130292 05 34 46 2
Ida 445768875 48952448 11 38 06 4
Margene 519779305 48577183 13 20 08 5
Josue 374683556 48179344 23 10 24 9
Hubert 258997634 14434320 15 08 09 6
Dorian 887055525 12369812 13 03 27 3
Logan 463754529 280456636 11 41 32 1
Rudy 482064288 50538889 04 24 49 1
Agnus 555026453 106688182 17 34 56 4
Venice 348536681 262175368 13 44 10 7
Magnolia 387116316 23889952 19 44 06 1
Clifford 278577770 107523949 15 59 45 4
Madge 530733612 51838199 13 10 12 6
Karine 332762618 12701803 18 59 55 7
Jazmine 412777329 51838335 07 19 05 6
Scottie 905504424 267897306 18 41 14 3
Liane 489089313 12837578 12 36 09 10
Bradley 304511852 22371967 10 33 56 2
Rayford 424787173 345207440 00 28 13 4
Manuel 126266025 42213093 12 29 07 3
Simone 703925774 341313974 05 43 47 4
Rudy 469997904 48395528 17 09 25 7
Simone 973820333 278832896 03 55 11 3
Antony 286505653 14400194 10 19 21 8
Moira 425906065 44123267 12 11 56 4
Gilberte 486350227 117518885 19 55 10 8
Marline 894953527 117519204 23 17 59 9
Curt 186028513 268333071 04 53 58 9
Tula 573807777 268333169 00 22 07 1
Nicolas 264108833 279946942 11 12 28 2
Geraldine 683340367 23907741 23 48 44 10
Carlos 846280066 48441966 03 34 14 10
Debi 216043090 23742472 03 17 00 8
Thalia 619762413 106760530 02 37 32 10
Franklyn 536533918 00262061 00 27 04 1
Isadora 344456160 99908880 14 32 09 5
Gerardo 259225212 310940676 01 11 46 8
Antone 733785903 280456449 11 10 31 3
Tod 110670863 06113163 19 05 53 8
Molly 815167653 117518946 13 15 47 5
Manuel 223497825 50564531 23 00 28 8
Yuki 837240056 300735498 00 10 53 6
Earnestine 848351697 51838227 09 23 26 9
Adelia 783230029 29920426 20 12 49 1
Floria 658322699 280765459 07 46 35 7
Ethan 645572050 23358873 06 34 02 3
Agnus 660628517 54306992 06 53 06 5
Karine 934052299 50371092 08 11 46 8
Geraldine 690055227 29351010 02 37 32 7
Rhiannon 852287779 276540177 21 18 36 7
Evette 154168968 65343697 02 50 23 9
Jay 433532243 280456555 22 36 07 2
Jeffery 677899732 12162491 19 08 44 4
Luis 287602791 117518664 19 28 53 7
Danita 691665960 48976783 21 59 19 1
Olinda 541079766 29397837 03 42 32 4
Logan 107621502 309984941 01 08 59 1
Chadwick 368359499 267897555 05 12 47 1
Buffy 630169975 50642136 08 02 11 3
Neal 651572252 65343844 01 02 33 2
Liberty 128944538 65343819 04 43 42 4
Matilda 713516351 51823399 10 29 42 9
Antony 265265549 49286084 12 26 43 4
Antone 100805735 20188668 12 59 58 6
Man 176902508 270688777 20 02 09 8
Anton 914635863 107523945 04 59 06 9
Flavia 464768357 90647451 19 52 55 8
Rigoberto 329548610 117518590 10 40 16 4
Debi 414845580 49286089 10 09 15 4
Flavia 838190090 117518980 04 06 22 7
Isaac 523526573 41804996 23 21 56 5
Janae 616756397 17379848 21 06 50 4
Solange 394781489 50090130 00 00 54 10
Alexandria 136988520 14434310 17 23 07 4
Rupert 547019701 50929919 03 33 53 7
Sonya 903168602 51783787 03 40 41 10
Dannie 247381833 11050070 01 46 54 2
Hal 400484867 95735742 03 41 25 6
Lewis 282716121 106760476 12 55 04 7
Aisha 987105648 47846209 08 39 28 9
Geraldine 816309228 60854304 14 04 30 6
Rogelio 941342615 11049839 12 09 10 5
Felton 110142155 9343511 10 48 55 7
Chadwick 518844518 32689566 13 38 57 10
Deborah 914703591 30147634 22 36 06 2
Justine 705284882 60848321 07 05 09 9
Osvaldo 553744181 86069292 08 30 18 4
Nada 630282508 01486296 18 35 19 3
Lita 734176794 30147863 04 07 57 2
Laraine 870740100 12287042 06 50 30 2
Ila 382354417 117519196 15 18 26 6
Johnie 974496353 48758968 16 57 17 10
Osvaldo 547153747 29397880 07 55 29 3
Tod 899367583 29919484 20 46 46 4
Linette 461440856 117519254 23 19 45 4
Madge 963877068 99908827 00 34 08 6
Hulda 196421044 15504931 12 47 54 10
Delmar 504868464 23664364 23 55 31 3
Chrystal 390645403 43390509 09 36 31 10
Earnestine 852921430 14400195 03 20 52 4
Marian 291813865 50371259 22 55 53 9
Ethan 745964517 51231775 15 14 54 7
Antone 271934847 29919524 05 10 28 9
Gerardo 631720419 107523892 19 55 58 10
Doug 790891844 305397451 22 55 01 4
Jazmine 467445440 23931678 23 43 50 1
Isaac 701655137 11049503 19 51 35 2
Scott 893150878 51236888 14 53 16 1
Raeann 546929912 280919290 06 12 09 10
Madge 376102182 54702758 21 45 59 4
Darci 379947828 21529018 23 58 23 2
Fabian 890603355 267897623 13 35 31 6
Edna 268910305 28865732 00 24 25 8
Rima 531218535 59443354 01 12 54 1
Jeffery 884878447 43390466 11 02 41 5
Scottie 514662589 29313478 10 44 14 10
Venice 830942368 23395257 12 24 17 3
Elisabeth 307842426 267897774 15 14 40 8
Louann 883522675 65343838 00 17 29 3
Johnie 569335656 49197965 03 44 32 1
Harriette 170023380 29986278 00 43 16 4
Jaclyn 725888413 48441023 11 00 01 7
Lewis 706480284 299931464 09 21 21 5
Neal 941852688 107499670 12 27 01 10
Ida 516758570 48397609 02 29 16 10
Ethan 965247991 107513423 16 46 29 6
Genaro 675735972 52022185 04 25 50 9
Shirlene 359805360 23359688 13 30 27 10
Josue 985270092 40225019 05 24 11 9
Raeann 700525357 16087614 22 52 58 4
Nicolas 320709996 305390600 11 49 50 2
Creola 668853911 50735567 07 05 16 9
Saran 858403557 12701791 20 20 32 3
Tod 964377902 52415812 17 49 53 1
Chadwick 234808776 23742487 14 29 09 3
Delois 858635865 24372116 06 24 19 3
Ebonie 234810621 29397923 22 34 10 1
Karri 188678062 280765544 08 59 25 8
Franklyn 620723943 48442297 16 30 56 10
Gilberte 726761127 29328595 14 35 12 5
Alane 944667079 24917866 19 13 05 9
Solange 288062327 29357211 22 51 41 9
Shawana 216827444 54307206 05 18 10 8
Jay 737173057 28357525 07 08 30 2
Shawana 222194027 51877810 23 31 03 10
Doug 161089822 11248428 16 00 54 9
Carlos 561669055 48429941 20 42 26 3
Alpha 261047964 42003240 22 20 37 10
Laraine 962428911 08625143 18 51 13 4
Greg 464448298 51877794 13 41 55 10
Cleora 868425050 52023366 11 55 43 9
Simone 899932137 38187072 04 59 42 1
Denis 820343986 86069302 03 45 39 8
Genie 814605699 52853935 10 01 08 2
Matilda 322797246 44484995 04 33 31 9
Ebonie 478774762 278851936 23 10 11 7
Sara 349030390 34655292 06 14 42 3
Son 336219377 117518596 15 40 42 9
Rigoberto 883445759 23149346 16 17 08 4
Carrie 115431187 22371970 10 03 27 3
Ebonie 534229913 268333171 20 33 29 5
Floria 311083808 265372282 06 42 56 7
Osvaldo 273172283 08750312 10 02 51 9
Hal 181700857 47846204 09 48 07 10
Rima 698456879 29892462 23 27 29 4
Marline 545507419 44130946 05 44 50 5
Kyung 402600082 23742711 10 14 09 7
Leana 573493336 54307106 23 49 50 4
Clora 876741981 48158623 23 21 56 7
Antone 369988928 50371355 22 26 00 9
Dorian 180583923 50717424 15 24 24 4
Johnnie 484414855 40147815 20 18 36 1
Matilda 455998925 95739872 19 23 40 2
Henriette 342009632 29328791 02 58 14 5
Emilio 831365547 30185178 22 43 20 6
Sara 699303592 48158625 18 57 28 5
Carrie 626278502 51783786 03 06 26 5
Petronila 107260432 08772950 13 43 28 2
Isadora 376627642 9308746 03 44 11 4
Hal 886531475 21529154 04 11 19 9
Easter 548540597 278902915 12 57 14 5
Justine 745089359 23742696 13 00 51 1
Patria 542088813 23960657 05 59 15 4
Neal 493143762 330364941 01 21 05 1
Thalia 174192495 99908893 02 21 11 5
Rudy 213406163 59427944 08 46 46 6
Yuk 655303970 262175347 22 52 16 10
Chrystal 621831149 49368165 21 16 07 8
Talitha 351875685 52024036 12 52 11 9
Klara 611138890 54702643 06 43 37 8
Collin 776783651 23149300 13 27 47 10
William 260657316 50640212 23 06 32 9
Klara 618474325 50757996 22 06 17 9
Franklyn 293082063 32694271 02 06 02 9
Christinia 240677281 35417292 04 28 59 9
Georgette 922691442 287184384 09 07 47 6
Vicenta 413278912 51878188 22 29 18 4
Everette 296415581 86049092 11 51 49 1
Inell 528760341 20079848 19 01 54 8
Agnus 601570338 42003314 07 07 29 2
Maynard 318735880 43390688 14 32 01 8
Georgette 311633784 6062550 14 48 12 1
Fabian 609197516 29397793 16 55 15 10
Sterling 602001126 280919264 12 02 23 3
Janell 520412065 28828120 18 28 53 2
Inell 521194396 51878207 04 05 33 7
Antony 372852801 11049574 16 18 30 2
Isadora 577030306 29986549 18 20 39 2
Clarence 660886899 280919260 23 18 58 7
Genie 945731402 54307163 22 13 45 6
Belva 443455787 29351059 10 25 45 10
Maynard 936153456 40147825 17 29 38 4
Karine 258117464 50645839 03 28 41 5
Neal 221002426 117519007 06 29 17 1
Debi 812615659 14434321 00 15 49 5
Genny 508973902 12701788 00 52 44 1
Tula 831927996 51839268 23 48 21 4
Floria 691640221 54288527 16 09 46 2
Josue 384934493 29892285 20 47 36 7
Lita 436406325 345205529 02 14 55 3
Logan 447511109 267980615 18 04 50 2
Marcene 972744429 23359574 08 50 43 2
Simone 144848953 50642910 17 31 03 6
Carli 576440116 01153759 05 17 22 6
Man 332487659 280765449 11 57 53 2
Scott 835765615 280746374 04 23 19 7
Carli 948584780 23395008 02 25 56 6
Anton 968666650 62927429 01 32 34 5
Curt 709994514 264458128 19 59 55 5
Josue 648067362 48422068 03 28 15 6
Edgardo 412492490 59427434 03 13 39 2
Yuki 726939359 343596955 05 50 00 9
Jesica 991406402 117518855 22 59 56 5
Lewis 153115189 90634228 07 00 37 9
Cecelia 867435512 38187073 08 52 03 10
Rima 775555944 29892340 12 35 41 1
Debi 367785123 268333030 23 22 54 2
Clarence 799889808 267980626 10 37 23 4
Shirlene 560865611 23149377 22 45 12 2
Clarence 789025511 268333195 07 58 22 4
Aisha 239231806 48397611 19 13 34 2
Easter 682174852 107523840 01 10 29 4
Fidel 264887909 50714618 22 00 28 8
Buffy 289692181 99908858 12 39 23 1
Awilda 891079985 107499681 07 23 14 2
Belva 347433179 267897190 05 04 37 7
Sherley 155461042 264458113 10 38 53 3
Angelia 651139640 287184395 11 01 27 6
Rima 567560832 43390424 14 59 49 3
Antone 397671040 52025470 23 08 01 5
Christinia 616827912 299766808 06 07 26 7
Nada 258584178 65343831 21 47 57 10
Franklyn 193508547 43390587 09 07 40 3
Loriann 382297321 60856512 06 54 19 7
Samual 430853983 51524338 05 09 24 4
Santos 480105423 50371354 11 04 15 3
Tula 473000392 60856516 11 18 44 6
Jeffery 849893033 85482243 05 28 47 1
Adelia 475763890 267897397 01 44 17 8
Sonya 688051290 280765514 14 55 23 5
Belva 444545562 280456602 13 14 43 2
Johnnie 463543462 175440537 07 59 34 7
Kenda 374448536 29921360 03 33 27 8
Easter 841528256 01582495 05 08 13 2
Antonia 200106898 49400643 08 38 28 5
Chrystal 956276797 54702743 19 39 55 6
Freeman 653024641 63919572 18 21 06 1
Gerardo 524161305 10672725 20 04 37 4
Liane 918244292 267980649 23 50 11 6
Neal 832947088 262175385 01 22 41 4
Yuk 456488935 269976616 21 51 21 9
Jeffery 846438546 29920716 13 36 12 6
Alejandro 869917679 23395400 23 58 54 8
Theodora 555465452 34655316 20 43 17 9
Marg 549713084 54786833 00 37 46 9
Rima 239643086 24917861 08 33 43 4
Son 104790338 300773492 02 23 29 4
Rhiannon 111844074 117519281 06 09 28 1
Scottie 753841040 29351422 21 22 12 8
Yuk 249493496 16023821 02 33 55 7
Chadwick 911707782 267897638 23 01 40 1
Margene 405877422 280456305 06 54 39 2
Clifford 854771106 60853905 08 20 14 8
Curt 250123126 44124751 05 37 48 6
Sherley 242831984 38187059 03 03 34 6
Evette 256372699 48179906 13 54 28 8
Felton 274228349 12844501 15 03 04 10
Rima 373355035 48442297 13 29 04 5
Collin 348666130 270688783 07 03 49 8
Deangelo 697022974 32863407 16 32 34 2
Rigoberto 267922876 270688766 00 10 35 10
Yuk 782524984 50735522 14 53 41 6
Brooks 270281246 01153744 23 51 42 2
Lewis 790692119 51775898 03 55 19 2
Patria 555633416 11247282 01 35 45 10
Tod 930570019 23952396 11 49 46 8
Angelia 252101056 81484978 00 30 11 1
Hulda 819693679 23894626 03 55 45 9
Emilio 268205649 23395362 23 17 26 6
Loriann 597268580 29892694 21 37 54 9
Veta 264655823 262175361 01 42 31 3
Curt 330544561 51838122 13 05 47 8
Rigoberto 689067288 50646738 11 16 50 2
Elias 743103810 072128863 12 07 50 5
Son 795800303 21556130 06 06 21 3
Justine 490207801 20740197 16 06 12 10
Marg 786850456 52201001 17 38 30 6
Edna 751598702 269976615 05 48 38 5
Ethan 131995911 46782655 07 11 49 9
Rupert 883138498 50163649 00 42 26 1
Adelia 938755613 305375724 03 00 37 7
Chrystal 253508226 43390547 02 49 08 8
Chrystal 989393148 40277985 07 07 39 9
Matilda 897474457 54288621 11 31 26 10
Tod 565178335 50733970 18 43 45 2
Evette 810780037 072128861 08 39 31 10
Flavia 741481986 280765425 03 45 57 2
Everette 406031011 95885502 10 29 24 4
Jc 410287204 29351379 22 52 50 7
Antony 316940676 29397830 16 59 11 3
Alissa 614594830 268333079 22 28 25 2
Sherley 246867695 280919249 00 24 48 7
Antone 340934035 50565645 00 07 48 3
Arcelia 418946015 52023520 17 22 55 7
Elias 650688589 38183774 17 58 18 8
Vicenta 240287607 24842435 18 23 54 9
Scott 750206036 23742784 02 57 52 4
Berry 624153132 12369744 11 37 55 4
Justine 416838476 48010595 15 09 10 4
Mickey 523031640 49195454 07 29 23 4
Ethan 967408043 11248207 12 32 07 4
Harriette 880243491 299766752 04 01 40 2
Alpha 402607902 107523856 04 41 47 3
Hubert 937287355 08625152 15 56 12 3
Berry 945413556 48441966 14 08 17 4
Creola 647973852 29397854 03 50 15 8
Ebonie 555910607 48657167 17 42 52 5
Delmar 582444818 48668867 23 04 17 3
Lewis 390081081 23894526 07 53 07 6
Marian 953799552 23360252 05 44 00 5
Janell 497239793 01145285 14 48 34 7
Johnie 740792732 10674964 23 39 57 3
Moises 176474511 108098071 05 40 05 10
Lewis 209426297 38187057 03 27 42 8
Jc 414895140 107513393 10 29 19 4
Anna 367693756 50090124 02 54 26 6
Santos 991999535 38187085 01 23 24 7
Rupert 828829366 51837019 16 39 46 8
Antony 394574572 50539726 19 14 33 8
Edgardo 322318346 48168281 01 17 24 2
Sharell 967812251 23894536 00 09 56 4
Jerald 397676902 48397609 00 40 07 10
Josue 510561632 12701771 05 21 21 1
Kenda 126115687 53107636 08 58 46 10
Yuk 963501876 072128859 22 26 06 8
Fidel 937883030 29351437 21 39 35 10
Isaac 433268913 29357253 09 53 16 7
Creola 729104214 22312778 01 18 53 4
Gia 816066529 23952414 08 16 28 5
Lewis 196850741 117519229 21 31 55 7
Doug 573872677 06112405 18 41 45 10
Rigoberto 939596743 29397850 12 03 02 1
Berry 990837901 60853922 19 24 52 8
Yuki 881623112 86069305 18 24 03 7
Scott 103675994 22312761 07 29 40 10
Johnie 418557985 42003253 15 34 24 9
Jesica 702754650 267897386 21 24 58 9
Geraldine 723089670 280456602 13 49 23 10
Virgie 459249523 42003242 12 45 35 4
Man 959691105 51908114 05 21 28 2
William 200961369 117519079 11 12 02 7
Geraldine 628345646 270688796 09 59 32 5
Jc 235214702 117518406 10 57 15 9
Luis 438252414 300754395 22 11 36 3
Anna 510394531 85488148 23 37 39 7
Luis 305763991 38183778 07 15 11 8
Shery 994136144 345207436 03 26 17 4
Saran 881592075 50090120 00 45 19 7
Jay 109543302 14400191 18 58 18 7
Flavia 560123918 106560672 03 44 14 7
Hulda 690406352 268333203 15 42 54 7
Inell 622002200 29397989 00 59 44 7
Virgie 839604570 117518832 16 20 48 7
Awilda 375522817 270688791 05 07 27 2
Loriann 887128031 23894542 00 11 04 5
Laraine 686829306 24739449 01 48 43 1
Ralph 425042354 52026710 00 06 19 2
Maryam 866236533 11049827 13 59 53 10
Karine 298032337 00250822 22 16 40 10
Cecelia 833041579 38187120 08 38 03 8
Edna 868093103 126015035 15 40 08 2
Shirlene 515906860 29986290 02 46 12 3
Johnnie 364145018 267897520 12 07 23 8
Morton 112002645 51838744 11 06 38 4
Kenda 286496268 08750321 03 44 41 8
Felton 702699553 330357718 11 16 00 9
Alejandro 664250454 01486294 17 37 45 2
Genny 946880597 48532472 08 32 20 6
Molly 467041014 072128845 20 35 10 7
Carli 717800114 262693878 16 20 21 3
Flavia 291574974 278902921 19 49 21 2
Josue 598744488 67504463 22 16 54 10
Nada 704541722 50735299 14 09 29 10
Chrystal 733311128 23894624 01 40 30 8
Janell 870618650 11050063 22 03 58 3
An 994680822 61411835 14 05 07 6
Rudy 132554124 49196528 00 38 20 1
Gia 102207454 345207436 12 31 38 3
Darci 122652227 42236830 14 58 07 5
Aisha 468870206 50714612 00 10 08 9
Anton 202897002 126117806 15 12 24 10
Floria 591675465 264167797 17 23 46 10
Josue 248380282 10677349 21 38 30 4
Moises 285469928 50538492 18 32 58 8
Laraine 546373603 23894552 13 33 30 7
Marian 508708165 54702645 02 32 35 5
Arlean 741522256 29986549 01 05 43 7
Vicenta 176594110 15961307 12 37 15 10
Vicenta 547419603 51773614 18 22 48 9
Carolann 776734204 15504934 06 02 00 5
Sharri 419486096 300605886 05 48 59 9
Veta 310725766 14400162 12 12 09 2
Jesica 178635607 30147503 12 53 01 6
Earnestine 862842025 54702594 16 27 06 8
Genaro 476203099 280919270 20 41 33 6
Hal 996576930 48185230 08 18 51 8
Janae 363634691 267897683 14 33 41 1
Clifford 515766154 50734982 11 31 21 9
Maryam 505252489 67504436 15 08 00 2
Renea 207124828 46398744 13 38 58 2
Awilda 654987721 23395050 22 23 01 10
Julee 278410904 59444198 00 04 26 2
Eda 806719785 44137038 11 17 03 8
Thalia 451755852 38187078 03 23 22 7
Aisha 238487981 51607029 13 30 57 9
Anton 901978645 23359625 18 27 41 5
Fabian 804869602 287184365 04 16 05 7
Harriette 529263840 65343883 18 47 25 3
Janell 806497274 09656863 13 32 00 6
Julee 854505606 23912951 04 46 18 1
Karri 246836269 300768765 05 37 07 7
Madge 638110755 29919842 04 38 48 6
Carolann 733273051 99908830 10 10 01 9
Doug 127556896 280765449 10 25 36 5
Adelia 576936860 85482470 00 09 50 5
Jeffery 315052780 08765080 02 52 19 6
Valarie 300269427 280765536 17 56 29 3
Olinda 380946779 54288536 04 36 03 8
Eleonor 802814254 24868576 12 53 00 8
Elisabeth 853582964 50371364 09 23 09 2
Eda 199475730 107499709 00 18 02 5
Justine 380676874 50757995 09 23 31 10
Rupert 826484519 49286089 01 44 29 4
Venice 815340326 306862512 19 37 33 6
Moira 615098079 108098042 11 41 29 4
Talitha 614013350 38183780 17 06 23 5
Sherley 325774324 12286814 04 43 46 7
Anna 867070535 99918711 03 43 09 10
Son 446351847 306862502 22 30 40 3
Deangelo 978946354 46912357 04 57 11 6
Ila 939096008 263995387 00 21 15 1
Luis 657807659 50090119 20 14 43 5
Osvaldo 721441648 30077009 08 19 57 10
Alexandria 711179727 23664382 11 05 08 6
Evette 463079541 50090216 21 10 32 8
Rigoberto 751245911 09656827 03 31 11 9
Alexandria 177661061 29357241 03 19 48 6
Valarie 580491426 268333097 04 13 04 1
Margene 763223914 06242954 01 18 25 1
Dannie 821916562 48010055 23 54 44 3
Gilberte 336804478 61411617 10 35 25 6
Karine 415850820 12162346 14 08 00 5
Edna 537778658 99908848 17 36 53 6
Henriette 965265166 00250790 11 38 23 2
Emilio 526276108 117518623 02 19 52 10
Anton 673010875 300759625 11 11 21 5
Jaclyn 804084699 01485548 05 19 10 2
Shery 707284061 23894540 14 53 16 3
Nicolas 706149696 66487735 05 08 32 9
Kenda 877688662 54288641 18 56 45 10
Veta 505413396 14434327 09 38 46 6
Marg 337910696 117519169 11 10 47 5
Venice 799082457 23742747 09 46 50 6
Hal 406252932 11247736 21 30 09 3
Jc 585472286 50641368 00 47 23 8
Janell 818870338 48185227 22 08 47 6
Maryam 123964954 49368165 12 28 51 1
Angelia 969172680 262778738 13 10 45 7
Samual 539737073 38187053 05 16 48 4
Inell 790953853 107523727 02 59 35 7
Liberty 421151337 86056010 22 04 36 3
Arlean 438218952 106760536 23 04 11 10
