7
aeroway=aerodrome
73
1325762946
1197710083
1189111428
1325759495
567391496
663859977
276939785
1161008011
1183709452
1076821393
1325763090
1167767315
112624404
276928789
1318771221
1199489299
1315171097
415406366
920225951
1198952094
1198934562
1314208420
1197710117
428672166
920225959
1325762980
413696297
1321499690
130212524
1243223596
130215982
112664240
25449269
663694775
663689406
413696063
1193619008
1076761283
276928709
1318768838
1321499591
1222473672
1326182343
1318768843
1307807692
1326190412
1316548174
473177806
1214165329
1316548178
1326171090
269567444
1193621333
413696345
1321499739
1224763485
705533661
1126327263
473183462
663859686
920226283
276938091
276928749
705533934
1103679468
276928752
663694699
1325763063
1165955960
444041594
488593403
1326188412
473183487
aeroway=gate
73
314536705
1253610242
276939779
705534211
130215942
1321505289
276939789
324175226
1318766735
1214165267
1198952083
1318766745
130215961
473183485
1213521562
1321505438
920226210
1316572717
1326192815
1224758704
1326182321
1185192113
413695795
705533695
1076761266
1210089398
1321499832
1327534394
413696315
1213521597
920226113
1321499717
1224758726
920225863
1143317704
1321499643
567391309
1214165456
1193244114
920226131
1198934740
1316526803
1321499733
705533784
1214165465
413695834
413695835
276928732
1224763612
1213521759
276930016
1198952287
1198905315
1318770019
663694692
920226147
276936295
314536423
1143318379
1321499629
112624365
1214165231
1076804720
1318772721
567391477
1318765174
445041910
445041914
324175227
1214165372
1224763645
1161017342
1313209215
aeroway=terminal
73
1126327172
1318768773
1260537094
1326188423
276938120
1214165257
1318768777
324175243
1197710092
1126327300
1253610386
1214165395
663689364
1165931667
1325758101
1183708695
1318768791
1318766745
488593426
1224763551
1307798817
1199485218
1318743845
1325762982
1321505320
567391403
1224763693
1199485230
1183708718
1318763696
1332815024
276939826
1214165427
567391534
663694773
1318762285
1325748151
1321505464
1318763706
276929978
1076761276
275217980
1326184510
1307752767
1027838527
413695807
1325758146
1321499716
1198934730
112664269
314536656
1316588115
920225878
314536537
1321499227
663859676
920226139
663859678
276930014
1214165472
1189111396
920226279
1318743912
324175207
1224763627
1183630444
1318766701
444041709
1307798256
1165917426
1076804723
324175227
1126327164
aerodrome:type=*
73
1197708409
276939779
276939657
276928779
473183499
672696206
1253610255
1321499152
1253610259
324175254
1166036891
1198905244
1260537117
1189108254
276939678
1260537120
1325753249
663694626
567391521
1318758304
444041641
1253610282
1213521577
276939689
276930095
1198934576
1213521713
1325748404
1253610420
1318763705
276929083
276939708
276939711
276929984
276928832
276938104
1326184517
1198945871
1318763471
1243085264
1326171094
112664150
1224763480
1214165337
1321499225
1321499611
1318758237
112617182
1186433886
663860575
1126327263
1325762911
1165955941
112624357
1332815463
1325762921
112624362
1318765176
276928749
314542574
1318770031
663860591
1214165243
920226034
672695669
663689462
1198744055
1076761208
324175225
920226171
473183484
112624382
1197710079
aeroway=heliport
73
1214165249
1126327171
567391496
663694602
1325753230
1185192080
449822869
1253610392
1318771224
1213521563
1321505441
445353634
1210089378
1222473636
705533988
1318762277
130215975
1198905253
1167767334
1214165423
1198934577
1318763443
663859637
275218872
920226106
413696314
276939709
1193619006
428672189
1307752766
1307757562
276936902
1321499643
1214165449
1165931593
276928843
1326171084
1198945995
1165955918
413695822
705534417
1198945874
920226001
444041684
1214165462
1318766679
112617174
1325748184
1214165466
1326190429
473183454
1224763615
1318766688
920226147
1103679461
276928869
1316579813
1161017320
1066384616
413696363
1321499500
663694573
1315162734
130215919
1318766706
920226162
1199489267
1298799476
1214165242
276928763
1318766716
1213521405
1260537087
iata=*
73
920226179
413695750
413695883
1325758222
1318762255
114328976
672696209
1027838608
1214165267
663860630
130215959
1326171928
1189108250
1326171930
276928797
1321505310
672696221
1325762976
1213521570
449822886
705534250
314536618
663859627
488593453
276939822
663694640
1321505456
1316572724
276938039
413696314
276936251
1198905275
1318771263
920225856
1242035525
276942150
1253610439
1318769992
444041671
1326171083
920226125
1325753166
1199517050
413696082
1214165332
1253610326
276928728
1214165467
276942174
705534814
1076804832
1253610465
473183454
1318762336
1165955940
1318766687
276938086
1213521632
1307807720
663689449
1325753185
1126327019
1321499755
1197708402
920226163
1253610357
445041910
1321505398
663694581
1198969978
1321499771
1198945917
1198829438
landuse=military
73
1198829440
1318743811
1318765187
488593411
444041606
112664199
324175240
444058635
1325758094
276939662
1214165394
1198970003
1224763667
1183708691
567391485
276928793
705533723
1316566938
314536605
112617117
1316566941
112624414
276928798
1198934809
920226211
1167321892
1326188452
1318772772
1318762283
663694638
1326192816
1198839984
663689394
663860146
1161008051
567391541
276936247
1076761272
324175290
130212538
314542522
276929981
1243196989
1076761283
1222473672
1307756236
488593360
1076804692
1240664789
663859670
1326165753
444041696
314536545
1076761185
1076821347
276928739
112624357
1213521762
1318770023
1316567017
671781097
1318770027
276937067
1165917421
1321499758
324175215
1214165363
1198952184
1126355577
1243069818
112618363
1213521405
314536446