3134
(1149024625, 1173425064)
(1321544508, 1321544348)
(1308679578, 1308679580)
(1194804867, 1194804885)
(278730280, 278730281)
(1173452752, 1174116982)
(1187087927, 1187087907)
(1173452833, 1173452841)
(1187542812, 1187542810)
(1173494091, 1173494099)
(1187121674, 1187121672)
(1174116482, 1174117267)
(1113220458, 1113220427)
(278730284, 278730285)
(1167369752, 1167369755)
(1174124536, 1173487097)
(1173452887, 1173452794)
(1158156449, 1158156427)
(1186511138, 1174120913)
(1308678995, 1308678997)
(1179851693, 1179851691)
(1186511102, 1188391430)
(1173487062, 1173486836)
(1113220302, 1113220459)
(1113220417, 1113220281)
(1174120954, 1174120956)
(1113220461, 1113220304)
(1167369732, 1167369744)
(1187086355, 1194803513)
(1187070117, 1158156610)
(1321544100, 1321544043)
(1194766751, 1194766758)
(1174116931, 1174117196)
(1159931401, 1174116916)
(1173452821, 1173452763)
(269567669, 269567670)
(1174116964, 1174116933)
(1173425086, 1173425172)
(445088886, 1160057006)
(1183630329, 1183630458)
(1104540818, 1104540218)
(1321544130, 1321544589)
(1299524334, 1299524303)
(1160107524, 1160107513)
(1179851696, 1179851695)
(1187086263, 1187086298)
(1149039182, 1159931510)
(1173452910, 1173452924)
(1155513047, 1193124746)
(1194803525, 1194803526)
(1183630430, 1183630403)
(1187130566, 1155459233)
(1187121677, 1187121690)
(1174116610, 1174116564)
(1194803386, 1194803497)
(1187136622, 1189052408)
(1159931506, 1159931485)
(1173486871, 1173486798)
(1187130556, 1187130542)
(1194803385, 1187086287)
(1187136623, 1187136622)
(1321544494, 1321544098)
(1193624365, 1193624364)
(1183630403, 1183630348)
(1191393737, 1191393743)
(1187139238, 1187139221)
(1149024611, 1188232562)
(1158156552, 1158156550)
(1103651721, 1103651653)
(1321544130, 1321544305)
(1173440030, 1173440076)
(1159066073, 1159066077)
(1183630363, 1183630324)
(1167369738, 1167369732)
(1183630460, 1183630384)
(1183721322, 1183721287)
(1174116433, 1174116938)
(1173439983, 1173440097)
(1187121700, 1187121687)
(1173486994, 1173486653)
(1183623238, 1183623225)
(1194803365, 1194803456)
(1191507764, 1191507730)
(1191393774, 1191393716)
(1174124481, 1174124555)
(1173452989, 1173452954)
(1318750834, 1318750804)
(1321544651, 1321544102)
(1191453546, 1191453570)
(1174116828, 1174116869)
(449822826, 1183621566)
(1167369733, 1167369738)
(1174117156, 1174116710)
(1159958272, 1159958318)
(1187121695, 1187121678)
(449815982, 449815986)
(1187130579, 1187130587)
(1159931517, 1159931520)
(1158164548, 1187087920)
(1173457690, 1173457698)
(1174116879, 1174116648)
(278486916, 278486915)
(1173444089, 1173444060)
(1318750821, 1318750820)
(1321544420, 1321544487)
(1183684152, 1183684103)
(1187139223, 1187139260)
(1103651804, 1103651670)
(1187086281, 1187086140)
(1160057011, 1113220271)
(1173440014, 1173440026)
(1308678994, 1308678995)
(1187086287, 1187086291)
(1174117334, 1174116449)
(1183701899, 1173440057)
(1187087922, 1187087914)
(1173444029, 1173444006)
(1191453622, 1191453635)
(1174124592, 1174124550)
(1159931365, 1159931370)
(1173424938, 1173425092)
(1149039187, 1149039197)
(1191453561, 1191453637)
(449815896, 449815899)
(278486919, 278486918)
(1174116465, 1174117291)
(1159958245, 1159958247)
(1158156650, 1158156658)
(278970276, 278971117)
(1321544162, 1321544406)
(1189510574, 1189510581)
(1321544403, 1321544416)
(1187136596, 1187136594)
(1183652011, 1183652018)
(1173444091, 1173444067)
(278486915, 278486914)
(1191507764, 1187119116)
(1174116562, 1174117091)
(449815940, 449815941)
(1187136618, 1187136621)
(1194803353, 1194803366)
(1160057029, 1160057045)
(278486927, 278486926)
(1173486878, 1173486840)
(1166036859, 1166036861)
(1167369727, 1321544070)
(1178253299, 1174116585)
(1187130575, 1187130584)
(1189056711, 1187136629)
(1166043422, 1166043413)
(1174116496, 1174116521)
(1187136625, 1187136586)
(1321544367, 1321544510)
(1159931587, 1159931329)
(1193130429, 1193130431)
(1194760991, 1194760976)
(1183630346, 1183630409)
(1191453538, 1191453629)
(1299524307, 1299524329)
(1187130545, 1155459251)
(1191393751, 1191393841)
(1174117196, 1174117114)
(875811101, 875811007)
(1194760983, 1194760992)
(1166043471, 1185825671)
(1321544416, 1321544318)
(1173457705, 1173457683)
(1187087914, 1187087912)
(278486931, 278486930)
(1194803401, 1194803355)
(1180139995, 1180139988)
(1159931437, 1159931405)
(1179851698, 1179851683)
(1193124738, 1193124745)
(1173457683, 1173452818)
(1158156574, 1158156572)
(1173486685, 1173487052)
(1194804869, 1194804889)
(278970276, 278970275)
(1155503714, 1174116881)
(1174116787, 1186511102)
(1174124515, 1183630447)
(1187131622, 1187131625)
(1160057049, 1160056996)
(1174116653, 1174116911)
(1174116447, 1174116431)
(1188232547, 1149043701)
(1160057003, 1160056992)
(1187086237, 1158164548)
(1174117295, 1174116688)
(1191478775, 1191478916)
(1192542579, 1192542591)
(263571496, 263571500)
(1193302730, 1193302822)
(1321544557, 1321544655)
(1173487109, 1159931443)
(1187136636, 1187136596)
(1190255751, 1190255761)
(1193302783, 1193302858)
(1174116776, 1174117165)
(1173452896, 1173452821)
(1187119129, 1187119135)
(1183652026, 1031684701)
(1321544465, 1321544437)
(1173452882, 1173452989)
(1178253288, 1173494088)
(1179851706, 1179851698)
(1187070129, 1187070130)
(1174116972, 1174117039)
(1298403702, 1298403716)
(1173486533, 1174116410)
(1174116969, 1174116517)
(1173486660, 1173486622)
(1321544490, 1321544156)
(1113220345, 449815767)
(1187136573, 1187130566)
(445088876, 445088878)
(1173440100, 1173440083)
(1178253299, 1178253277)
(1179851739, 1179851736)
(1186519700, 1186511145)
(1193302741, 1193302797)
(1187070115, 1187070126)
(1187086141, 1187086353)
(1194803366, 1194803401)
(875811225, 875811007)
(1160107516, 1160107511)
(1185825680, 1185825672)
(1178253297, 1178253279)
(1187088702, 1187088700)
(1321544444, 1321544367)
(1173439982, 1173440022)
(1191478916, 1191478781)
(1166043477, 1166036857)
(1187086156, 1187086319)
(1321544260, 1321544041)
(1174124538, 1174124502)
(1173425185, 1178253262)
(1187086180, 1187086320)
(445088881, 445088886)
(1159071655, 1155513034)
(1183641846, 449822822)
(1173487026, 1173486815)
(1194766767, 1193624366)
(1173486878, 1173486994)
(1158156421, 1158156552)
(1190301009, 1190301007)
(1158156680, 1158156665)
(1155513046, 1173425049)
(1187134885, 1187134890)
(1173452907, 1173452830)
(1194803487, 1194803474)
(1321544194, 1321544050)
(449815834, 449815837)
(1183684090, 1173486781)
(1187139237, 1187139239)
(1187130555, 1187130536)
(1173486648, 1173487104)
(1187086302, 1187086343)
(1187134880, 1187134882)
(1185825963, 1185825965)
(1187086217, 1187086228)
(1113220255, 1113220425)
(1173439978, 1173440010)
(1155459178, 1155459309)
(1299524329, 1299524316)
(1173487119, 1174124481)
(1191507775, 1191507724)
(1187131627, 1103651675)
(1321544440, 1321544535)
(1173452972, 1173452715)
(1174116588, 1174117117)
(449815883, 449815884)
(1299524295, 1299524328)
(1298799449, 1298799465)
(1188185986, 1188185991)
(1158164518, 1158164519)
(1193318586, 1193318580)
(1113220235, 1113220319)
(1173452971, 1173452927)
(1173424981, 1155513053)
(1173486812, 1174116712)
(1321544555, 1321544384)
(1183684200, 1183684157)
(1178253267, 1178253260)
(1321544619, 1321544249)
(278487483, 278487484)
(1158156550, 1158156432)
(1186511115, 1186511143)
(1166043424, 1166043477)
(1193130410, 1193130393)
(1155459344, 1155459100)
(1173457703, 1173457701)
(1174117007, 1174116872)
(1191478779, 1173457707)
(1188391364, 1188391459)
(1188225849, 1188225845)
(449815872, 449815875)
(1173452715, 1173452851)
(1191444652, 1174116872)
(1173440017, 1173440015)
(1174116795, 1174116567)
(1173424978, 1173424928)
(1188232557, 1149024611)
(1159931482, 1160107514)
(1187130536, 1155459318)
(1194804905, 1194804872)
(1193302813, 1193302730)
(1187119112, 1187119133)
(1183630327, 1183630412)
(1158156518, 1158156667)
(1173452750, 1174116724)
(1174117095, 1174116745)
(1191393781, 1191393779)
(1173452901, 1173452741)
(449815786, 449815789)
(449815949, 449815951)
(1174117048, 1174117156)
(1187086138, 1187086175)
(1173486703, 1186466931)
(278486918, 278486917)
(1173486964, 1155513051)
(1187121683, 1187121695)
(1155459245, 1155503724)
(1188414083, 1188414092)
(1298403715, 1298403713)
(1173487054, 1173486648)
(1173452766, 1173452861)
(1321544230, 1321544405)
(1159066084, 1159066064)
(1159958412, 1159958339)
(1193302735, 1159931448)
(1173452732, 1173452766)
(1186438614, 1183621581)
(1179851733, 1179851714)
(1161020696, 1161020698)
(278486926, 278486925)
(1158156437, 1158156451)
(1173486695, 1173486834)
(1180139982, 1180139994)
(449815915, 449815918)
(1149027141, 1149027137)
(1321544412, 1321544583)
(1104540218, 1104541049)
(1192542594, 1192542589)
(1318750837, 1318750836)
(1166052473, 1166052491)
(1194769874, 1194769846)
(1166052468, 1166052469)
(1155513073, 1158156640)
(1187136606, 1187136637)
(1187130567, 1187130553)
(1321544320, 1321544551)
(449815815, 449815818)
(1187130544, 1187130548)
(1173452856, 1173452950)
(1188391382, 1188391454)
(1194760992, 1194760981)
(1174117243, 1174117147)
(1183708735, 1183708743)
(1155459187, 1155459344)
(1179847759, 1179847754)
(1158164538, 1187070114)
(278486604, 278486603)
(1189513994, 1189513985)
(1299524305, 1299524301)
(1165957858, 1165957861)
(1173440076, 1183701897)
(1188232546, 1188232528)
(1173439982, 1173440074)
(1183684197, 1183684049)
(1183684000, 1183630451)
(1161008075, 1113220308)
(1299524296, 1299524306)
(1191393810, 1191393737)
(1179851683, 1179851696)
(1183630338, 1183630351)
(1194804876, 1194804887)
(1183652013, 1183652031)
(1187119137, 1187119102)
(1174120911, 1174120933)
(1173486807, 1173486968)
(1155459100, 1173439992)
(1190301012, 1190301008)
(1173425014, 1173425044)
(1187119110, 1187119113)
(1194766770, 1193624365)
(1113220307, 1166052468)
(1194800324, 1194800317)
(1187130552, 1187130587)
(278973843, 278973137)
(1187134899, 1187134875)
(1188185975, 1188185986)
(1187121673, 269567671)
(1113220394, 1113220271)
(1194769896, 1104540564)
(1321544190, 1321544228)
(1167369736, 1167369733)
(25449585, 25449700)
(1193302813, 1193302811)
(1187086334, 1187086209)
(1149057850, 1031684698)
(1183623229, 1183621560)
(1188232526, 1174117218)
(1183621564, 1183621561)
(1187086213, 1187086334)
(449815772, 449815775)
(1187134869, 1155459157)
(1173425143, 1173425180)
(449815946, 449815949)
(1174117086, 1174116630)
(1194766764, 1194766770)
(1192542602, 1192542574)
(1155503716, 1155503724)
(1183721300, 1183721285)
(1159931569, 1159931373)
(1159931360, 1159931363)
(1103651733, 269567686)
(278487479, 278487480)
(1187136566, 1187134869)
(1185825690, 1185825682)
(1321544395, 1321544135)
(1159066064, 1159066086)
(1183641839, 1183641802)
(1149049236, 1174117312)
(1183630324, 1183630460)
(1191397560, 1191397559)
(1178253274, 1178253258)
(1194803474, 1194803434)
(1186482388, 1186482362)
(1187119128, 1187119112)
(1161008082, 1161008035)
(1187086343, 1187086255)
(1187136564, 1188232505)
(1174116692, 1174116436)
(1321544285, 1321544597)
(1187139260, 1187139235)
(1193130448, 1193130401)
(1113220310, 1159071655)
(1321544254, 1321544133)
(1173486894, 1173486723)
(1160057046, 1149057852)
(1173486520, 1173486944)
(1174116802, 1174117210)
(1321544283, 1321544157)
(1161008075, 1161008074)
(1158164537, 1158164529)
(1187119125, 1187119131)
(1187136608, 1187139218)
(1161020685, 1161020688)
(1149049245, 1149049228)
(1173425005, 1173424999)
(1173452950, 1173452710)
(1183684200, 1174124508)
(1321544199, 1321544246)
(1193624364, 1193624355)
(1194804884, 1194804877)
(1103651724, 1187130561)
(1113220283, 1113220315)
(1187087920, 1187086175)
(1173486496, 1173486547)
(1321544350, 1321544226)
(269567687, 1103651609)
(1113220252, 1113220424)
(1187121699, 269567731)
(1174117117, 1174116931)
(1187139242, 1187139255)
(1191507717, 1191507771)
(1103651751, 1187130563)
(1174116863, 1174117257)
(1173486777, 1173486533)
(1165960710, 1165960705)
(1113220232, 1113220383)
(1308680647, 1308680644)
(269567737, 269567738)
(1321544050, 1321544134)
(1183708724, 1183708710)
(1191393838, 1191393781)
(1298403706, 1298403718)
(269567685, 1235202077)
(1193210443, 1193210438)
(1194804903, 1194804873)
(449815850, 449815851)
(278487478, 278487479)
(1179851684, 1179851716)
(1187086270, 1187086295)
(1321544563, 1321544420)
(1321544110, 1321544045)
(1180139988, 1180139997)
(1321544591, 1321544422)
(1174117200, 1174116601)
(1183630458, 1183630374)
(1158156424, 1158156421)
(1183630409, 1183630470)
(1113220222, 1113220283)
(1186466931, 1186466930)
(1193218560, 1193218555)
(1193302885, 1193302923)
(278486599, 278486598)
(1321544399, 1321544256)
(1183630332, 1188414094)
(1321544183, 1321544559)
(1174116634, 1174116653)
(445088888, 1149027136)
(1149039186, 1149039188)
(1179851690, 1179851689)
(1113220361, 1113220231)
(1193302775, 1193302905)
(1186511120, 1186511115)
(1155513057, 1173486819)
(1173440093, 1173439997)
(1187086162, 1187086252)
(1103651784, 1103651787)
(25449705, 25449706)
(1173487020, 1173486847)
(1194804887, 1194804902)
(1192542603, 1192542585)
(1187070131, 1187070132)
(1160056992, 1160056995)
(278730283, 278730284)
(1185825965, 1161020683)
(1190301008, 1193130444)
(1299524306, 1299524313)
(25449709, 25449710)
(1174124508, 1174124541)
(1187086180, 1187086127)
(1187130574, 1187130585)
(1185825677, 1185825669)
(1191393829, 1191393774)
(1321544108, 1321544433)
(1186511125, 1179851717)
(1173452723, 1173452972)
(1173494093, 1174116798)
(1194803367, 1187086263)
(1166043410, 1166043476)
(1193302858, 1158156610)
(1173452750, 1173452790)
(1179851740, 1188391364)
(1298799444, 1298799449)
(1173486898, 1173486540)
(1149055284, 1149055289)
(130212982, 130212983)
(1321544350, 1321544053)
(1166043471, 1166043469)
(1173452966, 1173452971)
(1149027145, 1149039190)
(1174117307, 1173486723)
(1299524318, 1299524315)
(1173452929, 1173452856)
(1155459304, 1174117027)
(1179851714, 1186511125)
(1189510578, 1189510574)
(1194760979, 1194760985)
(1113220315, 1113220273)
(1167369727, 1167369731)
(1187070132, 1187070116)
(1183621591, 1183621560)
(1187136606, 1187136562)
(1183708743, 1183708724)
(1179851710, 1179851706)
(1321544655, 1321544077)
(1187087935, 1193302917)
(1174117165, 1188391930)
(1173452796, 1173452769)
(1191453665, 1191453542)
(1187136633, 1187136609)
(278973618, 278973619)
(1173452907, 1173444024)
(1214153079, 1214153755)
(1183630426, 1183630470)
(1174120933, 1174120925)
(1190301012, 1193130416)
(1183641872, 1183641766)
(1173487048, 1173486915)
(1187134865, 1187134888)
(1173452830, 1173452854)
(1298799465, 1298799455)
(1160107511, 1160107515)
(269567739, 269567740)
(1173444093, 1173444005)
(1191453582, 1191453585)
(1299524333, 1299524333)
(1308680634, 1308680643)
(1183630387, 1183630363)
(1188232531, 1188232549)
(1187130537, 1103651659)
(1159931417, 1159931362)
(1103651727, 1103651620)
(1190255759, 1190255763)
(1185825682, 1185825694)
(1174116708, 1174117214)
(278970272, 278970273)
(1179851691, 1179851690)
(1187086310, 1187086281)
(1187086143, 1187086119)
(1173424924, 1173425014)
(1187119123, 1187119118)
(269567736, 269567737)
(1166036842, 1166043477)
(1173486730, 1173487054)
(1159066069, 1149024614)
(1191482482, 1174116936)
(1103651721, 269567685)
(1173486944, 1173486781)
(1161020690, 1161020692)
(1194803497, 875811225)
(1189469437, 1189469436)
(1321544523, 1321544232)
(1321544450, 1321544351)
(1158156535, 1158156541)
(1321544324, 1321544369)
(1187136620, 1187136633)
(278486882, 278486881)
(1155513067, 1155513046)
(1183630409, 1183630387)
(269567671, 269567672)
(1178253275, 1178253283)
(1187119134, 1190301005)
(1173444005, 1173444030)
(1173452851, 1173452991)
(1158156577, 1158156483)
(1185825666, 1185825663)
(1193302923, 1193302920)
(130212981, 130212982)
(1113220234, 1113220275)
(1178253261, 1178253266)
(1160057027, 1160107526)
(1187121693, 1187121678)
(1194804874, 1194804893)
(1180139996, 1180139990)
(278486910, 278486909)
(1174124555, 1174124579)
(1183684204, 1183684197)
(278970386, 278970270)
(1187086209, 1187086241)
(1187086212, 1187086336)
(1103651615, 278970283)
(1187119129, 1187119134)
(1179851733, 1188391446)
(1149024610, 1188241525)
(269567735, 1187086263)
(1167369751, 1174117193)
(1155513069, 1173425202)
(1193302811, 1193302750)
(1178253296, 1178253262)
(1160107526, 1173487020)
(1190301006, 1190301015)
(1187119133, 1187119130)
(1158156483, 1158156590)
(1187086298, 1194803385)
(1173452772, 1173452745)
(1187134880, 1187134869)
(1321544323, 1321544308)
(1321544045, 1321544347)
(1190255745, 1190255763)
(1173486571, 1173486612)
(1103651646, 1187131626)
(1179851713, 1179851708)
(449815951, 449815953)
(1191393835, 1191393831)
(1173486819, 1173486530)
(1158156667, 1158156660)
(1187086136, 1159931367)
(1166052470, 1185825677)
(1113220226, 1113220274)
(1173486865, 1173486909)
(449815813, 449815815)
(1178253277, 1174116545)
(1183684055, 1183684206)
(1187139262, 1187139237)
(1193130393, 1193130408)
(1190311170, 1190311176)
(1113220300, 1113220346)
(278486880, 278486605)
(1158156506, 1158156508)
(1187130568, 1187130538)
(1159931529, 1159931549)
(1187119114, 1174117013)
(1160107527, 1159931333)
(1155513053, 1155513006)
(1187134878, 1187134881)
(1113220249, 1113220267)
(1173487005, 1173486579)
(278486905, 278486904)
(1321544098, 1321544190)
(1183623240, 1183621578)
(1113220392, 1113220351)
(1187131624, 1187131626)
(1178253246, 1178253264)
(1321544407, 1321544399)
(278974127, 278974128)
(278730279, 278730280)
(1190255767, 1190255769)
(449815973, 449815977)
(1158156522, 1158156510)
(1173444041, 1173444027)
(1174117003, 1174116811)
(1321544479, 1321544324)
(1187070122, 1187070131)
(1187070125, 1187070118)
(1188232561, 1188232547)
(1174116785, 1174116982)
(263571623, 449816008)
(1193302900, 1193302894)
(1173452898, 1173452922)
(1187134891, 1187134897)
(1159958279, 1159958272)
(1193320915, 1194803507)
(1321544500, 1321544259)
(1159958460, 1159958251)
(1187086195, 1187086320)
(1149049233, 1178253290)
(1194803507, 1193320922)
(1174117293, 1174116751)
(1194804868, 1194804879)
(1187086138, 1187086141)
(1113220213, 1113220392)
(1188236817, 1188236821)
(1186511145, 1186511120)
(1174116585, 1174116581)
(1193218555, 1193218505)
(1173452809, 1173452812)
(1193302760, 1193302756)
(1173486843, 1173486689)
(1321544561, 1321544170)
(1158156499, 1158156455)
(1182447874, 269567733)
(1159066067, 1159066074)
(1187086140, 1187086326)
(1173487049, 1173487036)
(1193302794, 1193302744)
(1189510569, 1103651620)
(1193302846, 1193302867)
(1174116916, 1174117334)
(1174117170, 1174116972)
(1298403713, 1298403706)
(1193624363, 1193320895)
(1194769884, 1104540617)
(1186482359, 1186482388)
(1191386384, 1191386383)
(1174124541, 1174124484)
(1183630348, 1183630423)
(1316588131, 1316588132)
(1173497317, 1173497303)
(1183630460, 1183630457)
(1187121685, 1187121683)
(1155513034, 1160107522)
(1158156451, 1158156535)
(1183621573, 1183621585)
(1173425208, 1173425104)
(1321544226, 1321544350)
(1173440063, 1173440080)
(1308678992, 1308678999)
(1185825688, 1185825679)
(1321544258, 1321544375)
(1187130578, 1187130566)
(1179847758, 1179847759)
(1178253244, 1178253248)
(1155459154, 1155459230)
(1193124746, 1155513023)
(1173444096, 1173444086)
(25449702, 25449703)
(1173487019, 1173486878)
(1183630336, 1183621556)
(1191397559, 1191397564)
(1173486666, 1173486994)
(1190311156, 1190311175)
(1174116966, 1174117144)
(1103651797, 1103651596)
(1173452976, 1173457683)
(1183721318, 1155513029)
(1321544228, 1321544128)
(1174116745, 1174117051)
(449815908, 449815909)
(278970287, 278970275)
(1321544584, 1321544502)
(1113220476, 1113220451)
(278486899, 278486895)
(1187119122, 1187119101)
(1187130552, 1187130574)
(1187136637, 1187139255)
(1178253246, 1178253253)
(1188232550, 1159066061)
(1187136593, 1187136631)
(1149039183, 1149039187)
(1173424961, 1173425152)
(1149049216, 1149049244)
(1174117013, 1174116910)
(278970278, 278970280)
(1183684142, 1174116978)
(1321544347, 1321544365)
(1174116445, 1174116684)
(1187136576, 1187136638)
(1113220358, 1113220396)
(1174120946, 1174120919)
(1193302918, 1193302788)
(1321544339, 1321544615)
(1193130453, 1193130396)
(1149049222, 1149049216)
(1308679582, 1308679581)
(1173486949, 1183684152)
(1321544461, 1321544187)
(1321544375, 1321544314)
(1113220275, 1113220397)
(1178253264, 1178253267)
(1194760976, 1194760979)
(269567731, 269567732)
(1321544077, 1321544586)
(1174124535, 1174124505)
(1194804882, 875810954)
(1187134897, 1187134886)
(1191397557, 1191397558)
(1183684040, 1183684097)
(1187134882, 1187130568)
(1173425045, 1173425020)
(1113220421, 1113220295)
(1173497303, 1173497308)
(1173444039, 1173444089)
(1299524297, 1299524330)
(1190255761, 1190255765)
(1191507722, 1191507726)
(1183621556, 1183621564)
(1173457707, 1191478779)
(1321544066, 1321544345)
(1183630463, 1183630421)
(1173424965, 1173424969)
(1188233970, 1149024621)
(1321544321, 1321544280)
(1321544102, 1321544316)
(1318750816, 1318750834)
(1178253248, 1173425131)
(1183641778, 1183641766)
(278486929, 278486928)
(1174116908, 1174116828)
(1190311175, 1190311170)
(1187130544, 1187130540)
(1183623240, 1186440398)
(1113220390, 1113220264)
(1183630449, 1183630346)
(1187139220, 1187139252)
(1191397561, 1191397556)
(1189510581, 1189510572)
(1173457693, 1173457690)
(1173452790, 1173452789)
(1193624366, 1194769898)
(1113220313, 1113220229)
(1193324421, 1193324396)
(1113220465, 1113220352)
(1173452728, 1173452858)
(1103651847, 1103651646)
(1103651715, 278973843)
(1158203141, 1158156640)
(1173457692, 1191478779)
(1103651675, 1190311179)
(1321544308, 1321544260)
(1185825675, 1185825676)
(1173452881, 1173452776)
(1159066058, 1159066084)
(449815892, 449815896)
(1159931329, 1159931437)
(1321544311, 1321544470)
(1186482384, 1186482366)
(1149027140, 1149052113)
(1187130545, 1187134882)
(1159931482, 1160107528)
(1186482384, 1167369717)
(1174116742, 1174117048)
(1149024600, 1167369751)
(1166052496, 1166052441)
(1321544133, 1321544040)
(1179851741, 1179851740)
(1173444086, 1193124738)
(1183641778, 1186452342)
(25449700, 25449701)
(1173452885, 1173452951)
(1158156658, 1158156580)
(1189513989, 1189513997)
(1214153755, 1214152702)
(1103651653, 1103651643)
(1149039196, 1149039194)
(1173487119, 1183684046)
(1187542810, 1187542809)
(1159931555, 1159931429)
(1194760985, 1194760983)
(1187130561, 1187130549)
(445088878, 445088880)
(278973433, 278970276)
(1187086163, 1187086323)
(1321544318, 1321544468)
(1149039197, 1149039199)
(1174117152, 1174116465)
(1187139215, 1187139211)
(1149057854, 1173497317)
(1185825695, 1185825664)
(1183623241, 1183630457)
(449815820, 449815822)
(1187088699, 1187088693)
(1191393830, 1191393857)
(1174124577, 1174124507)
(1103651596, 1103651609)
(449815937, 449815940)
(1188391441, 1188391455)
(1173457698, 1173457697)
(1173486815, 1173486801)
(278486892, 278486891)
(1187121697, 1187121692)
(1193218505, 1193218564)
(1183684147, 1183684055)
(1113220430, 1113220213)
(1191478925, 1191478783)
(1321544559, 1321544336)
(1321544530, 1321544222)
(1166043472, 1166043475)
(1321544589, 1321544449)
(449815884, 449815887)
(1187086232, 1187086270)
(1321544040, 1321544494)
(1155459245, 1155459352)
(278730285, 278730286)
(1188232514, 1188232533)
(1158156424, 1158156447)
(1321544232, 1321544521)
(1183641802, 1179847758)
(1166052448, 1166052496)
(1158156467, 1158156643)
(1187136627, 1187136620)
(1173486900, 1174116964)
(1321544217, 1321544523)
(1321544226, 1321544372)
(1183684051, 1173486894)
(1158156457, 1158156522)
(449822809, 1183641773)
(1173425013, 1173424927)
(1214152903, 1214153079)
(1113220433, 1113220401)
(1159931477, 1159931443)
(1158156671, 1158156668)
(278486602, 278486600)
(1186511143, 1186511125)
(1178253251, 1178253251)
(1187121687, 1187121675)
(445088894, 1161020713)
(1158156474, 1187070134)
(1155513070, 1155513037)
(1183721293, 1183721296)
(1187130560, 1103651751)
(1192542592, 1192542603)
(1161020721, 1161020716)
(1174116753, 1174117293)
(1187136565, 1187136625)
(1158156443, 1158156457)
(1187130549, 1187130575)
(1321544567, 1321544069)
(1161020694, 1161020696)
(1113220304, 1113220394)
(1188414080, 1188414085)
(1158156524, 1158156651)
(1321544043, 1321544414)
(1318750820, 1318750798)
(1183721305, 1183721324)
(1187134879, 445099447)
(1174117264, 1174116441)
(1180139994, 1180139987)
(1187130584, 1187130590)
(1187119125, 1174117013)
(1187086336, 1187086343)
(1149052119, 1149049230)
(278970906, 269567665)
(1188241525, 1188241520)
(1173440039, 1173440017)
(1187139239, 1187136619)
(1104540617, 1194769874)
(1308679006, 1308678994)
(1158156584, 1187070117)
(1166052500, 1166036859)
(269567665, 269567666)
(1308678996, 1308679002)
(1155513027, 1155513048)
(1173425129, 1173425083)
(1173486949, 1173486865)
(1183621584, 1183621571)
(1298799469, 1298799441)
(1183630374, 1183630457)
(1308680643, 1298799465)
(1149049224, 1149049245)
(449815867, 449815870)
(1187130565, 1187130560)
(1188232549, 1188232546)
(449815842, 449815844)
(1183623242, 1183623241)
(1113220497, 1113220260)
(1113220415, 1190255745)
(449822828, 449822830)
(1188391456, 1188391439)
(1174116802, 1187070121)
(449815812, 449815813)
(1187070133, 1187070112)
(1149027139, 1149039191)
(1173452717, 1173452869)
(1187088693, 1187088702)
(1149027139, 1149027145)
(1174117156, 1186511128)
(1321544094, 1321544435)
(1173425096, 1173424924)
(1191386383, 1191386382)
(1187130585, 1187130550)
(1174116872, 1174116634)
(1187086114, 1187086193)
(1191478925, 1173452951)
(1194803410, 1194803446)
(1321544380, 1321544382)
(1158156646, 1158156678)
(1158164538, 1158164546)
(1193302920, 1187086270)
(1321544418, 1321544224)
(1186519690, 1186519694)
(1173486959, 1173486867)
(1174120925, 1179851748)
(1161020718, 445088894)
(1187119109, 1193130412)
(1193130424, 1193130384)
(1197696386, 1197696385)
(1188236844, 1188236819)
(1193320904, 1193320915)
(1183684049, 1183684088)
(1173452794, 1173452720)
(1321544134, 1321544047)
(1173487052, 1173486998)
(1113220351, 1113220224)
(1173444099, 1173444068)
(1155513051, 1173487104)
(1191444660, 1191444652)
(1158156613, 1158156607)
(1174117114, 1174117243)
(1183621571, 1183630393)
(1191393841, 1191393833)
(1187070121, 1187070133)
(1178253287, 1178253293)
(1173486768, 1173486973)
(1193302788, 1193302832)
(1321544252, 1321544072)
(1173452837, 1173452819)
(1321544502, 1321544168)
(1187086353, 1187086156)
(1187119105, 1187119114)
(1183721316, 1155459105)
(278970272, 278970274)
(1191397547, 1191397549)
(1173452774, 1173452750)
(1189513989, 1193130410)
(1187130573, 1190311172)
(1188236819, 1188236817)
(1188232494, 1159066073)
(1113220376, 1113220442)
(1174116724, 1158156555)
(1193302750, 1193302730)
(1321544195, 1321544585)
(1178253282, 1178253250)
(1174116911, 1174116879)
(1158156473, 1158156650)
(1193130412, 1187119129)
(1194800331, 1194800323)
(1178253277, 1178253280)
(1189513985, 1183721316)
(1179847769, 1179847757)
(1190255759, 1190255771)
(1159931324, 1159931327)
(1173425017, 1173425182)
(1173487007, 1173486695)
(1183621581, 1183621572)
(1174116673, 1173440101)
(1158156555, 1173452769)
(1173425064, 1149024615)
(1193124745, 1173444063)
(1318750801, 1318750800)
(269567688, 278970287)
(278486886, 278486885)
(1193624352, 1193624353)
(1113220427, 1113220298)
(1188393879, 1186519697)
(1194804875, 1194803487)
(1159958240, 1194769894)
(1183684094, 1183684147)
(449815855, 449815962)
(1155459167, 1155459105)
(1183621583, 1186438614)
(1173444058, 1173444091)
(449816001, 135806316)
(278486930, 278486929)
(278486894, 278486893)
(1193130413, 1193130406)
(1187139236, 1187139213)
(1103651715, 1103651797)
(445088889, 445088891)
(449815763, 1113220345)
(1318768792, 1318768792)
(1173452789, 1187070128)
(1183630427, 1183630462)
(1174124520, 1186466929)
(1190255769, 1190255765)
(1173452726, 1173452774)
(1159931515, 1159931517)
(1194804873, 1194804891)
(1183683996, 1183684190)
(1187131626, 269567684)
(1113220316, 1113220437)
(1103651847, 1103651870)
(1178253247, 1178253261)
(1194804891, 1194804894)
(1191393801, 1191393855)
(1158156455, 1158156604)
(1179851740, 1179851737)
(1187136564, 1155459309)
(449815738, 449816015)
(1159931525, 1159931529)
(1185825664, 1185825691)
(1187086288, 1187086321)
(1174117039, 1174116610)
(278970284, 278970906)
(1321544345, 1321544440)
(449815962, 449815971)
(1149027140, 1149049230)
(1173452720, 1173452898)
(445088893, 1161020694)
(1173440033, 1173424893)
(1167369733, 1173425129)
(1187130541, 1187130540)
(1174116787, 1174117170)
(1183684053, 1183684154)
(1183708696, 1183708710)
(25452377, 25452378)
(1183684088, 1183684142)
(278486884, 278486883)
(1149027135, 1149039189)
(1187086210, 1187086107)
(1173444030, 1173444096)
(1173452945, 1173452924)
(1113220257, 1113220461)
(1174117295, 1173486812)
(1187136630, 1187136563)
(1194804871, 875810812)
(1187134890, 1187136582)
(1192542599, 1192542578)
(1183630470, 1187549365)
(1187086306, 1187086199)
(1174116604, 1174116820)
(1321544587, 1321544056)
(1174117036, 1174116476)
(1174117267, 1174117205)
(1173486742, 1173486964)
(1188391367, 1188391438)
(1183623225, 1183623229)
(1191478916, 1191478920)
(1321544024, 1321544220)
(1173444072, 1173444063)
(1178253258, 1178253269)
(1174116534, 1158156582)
(1187086152, 1187086308)
(1191393854, 1191393830)
(1166043469, 1166043468)
(135806313, 449816001)
(1191453617, 1191453575)
(1113220480, 1113220376)
(1031684698, 1183652028)
(1173425053, 1173425089)
(1187130543, 1187130534)
(1191453542, 1191453622)
(1321544615, 1321544587)
(1321544039, 1321544424)
(1194800323, 1193320878)
(1187119106, 1187119110)
(1321544047, 1321544194)
(1103651666, 1103651727)
(1165960712, 1165960703)
(1159931525, 1159931475)
(1174116682, 1191482482)
(1321544246, 1321544100)
(1187130567, 1187130565)
(1192542589, 1192542583)
(1321544424, 1321544541)
(1174116836, 1174117251)
(445088891, 1161020680)
(1183641807, 1183641861)
(1174116487, 1174116833)
(278487477, 278487478)
(1173486625, 1173486971)
(1187087907, 1187087924)
(1159066077, 1159066058)
(1113220442, 1113220322)
(1113220394, 1160057039)
(1187136638, 1187136586)
(1113220250, 1113220423)
(1321544476, 1321544506)
(1166043413, 1166043416)
(1194804897, 1194804895)
(1155513071, 1173440059)
(1155513023, 1183721318)
(1174120948, 1186519692)
(1193317610, 1193317611)
(449815989, 449816001)
(1187130586, 1187130550)
(1193302832, 1193302877)
(1187130559, 1187130582)
(1161020710, 1161020716)
(1318750790, 1318750801)
(1321544351, 1321544412)
(269567686, 269567687)
(1321544597, 1321544380)
(1193320878, 269567739)
(263571491, 263571496)
(1173425001, 1173425086)
(1187087912, 1187087920)
(1174117214, 1174116487)
(1183630327, 1183630407)
(1194769846, 1104540981)
(1113220271, 1113220276)
(1173486971, 1173486959)
(1149027134, 1149027138)
(1183630421, 1183630338)
(1321544589, 1321544476)
(445099449, 1187136618)
(1174116844, 1174116949)
(1194804889, 1194804881)
(1167369744, 1167369729)
(1173457701, 1173457679)
(1187119135, 1187119124)
(1173425055, 1173425044)
(1155459162, 1155459245)
(1155503714, 1155503704)
(1183701897, 1183701881)
(1174117271, 1174116787)
(1160057037, 1160057004)
(1174117027, 1155459234)
(1193318586, 1187086235)
(1192542584, 1192542588)
(1183641865, 1183641839)
(1173457697, 1173457691)
(1321544132, 1321544497)
(269567668, 1187121703)
(1173486730, 1173486587)
(449815823, 449815827)
(1165957857, 1165957856)
(1149024623, 1167369710)
(1321544433, 1321544429)
(1160107527, 1174117334)
(1158156559, 1158156470)
(1173452927, 1173452837)
(1187136624, 1187136566)
(1185825698, 1185825686)
(1187130589, 1187130551)
(1185825687, 1166036794)
(1166036801, 1161008074)
(1104540771, 1159958412)
(1187121678, 278973843)
(1187121680, 1187121694)
(1158156453, 1158156529)
(1178253270, 1174116945)
(1321544621, 1321544654)
(1173486915, 1173486987)
(1193218581, 1193218550)
(278730281, 278730282)
(1166052470, 1166036836)
(1174117218, 1167369763)
(1174116837, 1174116789)
(1178253279, 1178253282)
(1178253250, 1178253272)
(1173424928, 1173425053)
(278973619, 278973620)
(1188414085, 1188414083)
(1183641809, 1179847762)
(875811251, 1194804870)
(1173486587, 1173487059)
(1321544623, 1321544444)
(1308679005, 1308679000)
(1191453579, 1191453583)
(1173486942, 1173486706)
(1179851732, 1174116538)
(1173425146, 1173425013)
(1159931558, 1159931563)
(1187086107, 1187086137)
(1186511107, 1188391390)
(1183641769, 449822812)
(1174117150, 1174117200)
(1193130423, 1193130426)
(1173486695, 1173486730)
(1173487091, 1173486942)
(1187134872, 1187134879)
(1188236822, 1149021657)
(1174120952, 1174120913)
(1113220379, 1113220249)
(1183684012, 1183684185)
(449815818, 449815820)
(1193320892, 1193320899)
(1193302894, 1193302918)
(269567672, 269567673)
(1173452878, 1173452882)
(1103651672, 1187130541)
(1191393743, 1191393801)
(1194803474, 1194803432)
(1173486774, 1173486524)
(1188391406, 1188185986)
(1173486861, 1173487049)
(1178253272, 1178253258)
(278486890, 278486889)
(1174124513, 1183630462)
(1192542597, 1192542590)
(25449703, 25449704)
(1191393716, 1191393751)
(1104540564, 1104540420)
(1113220276, 1113220217)
(1185825673, 1185825696)
(449815844, 449815848)
(449816008, 263571638)
(1187134866, 1187134872)
(1178253283, 1178253291)
(1192542577, 1192542580)
(1193624353, 1194766767)
(1173452776, 1173452723)
(1298403717, 1298403727)
(1149057854, 1173497322)
(1321544190, 1321544133)
(1167369715, 1149049239)
(1186519694, 1186519700)
(1321544192, 1321544094)
(1321544043, 1321544530)
(1173440023, 1155513031)
(1191397549, 1191397568)
(1188233972, 1149039186)
(1174120926, 1174120911)
(1173452948, 1173452863)
(1191453583, 1191453546)
(1321544072, 1321544532)
(1158156597, 1158156574)
(1321544463, 1321544426)
(1193320886, 1193320882)
(1193130406, 1193130456)
(1174117108, 1174116966)
(1321544220, 1321544283)
(1174116905, 1174116472)
(1187119099, 1187119106)
(1187121699, 1187121669)
(1188236839, 1188236846)
(1187086265, 1187086192)
(1187086295, 1187086257)
(1173452805, 1173452881)
(1185825677, 1166043471)
(1187130557, 1103651670)
(1159931373, 1159931324)
(1173424932, 1173424983)
(278973346, 278973347)
(449815918, 449815919)
(1188185991, 1188185969)
(1191393806, 1191393838)
(1187119107, 1187119111)
(1173487022, 1173486900)
(1194804879, 1194804883)
(1185825681, 1166036879)
(1187119132, 1187119109)
(1321544196, 1321544106)
(278970283, 278970282)
(1187086210, 1182447910)
(1187086119, 1187086266)
(1149049239, 1149049233)
(1187136630, 1187136635)
(1173425051, 1173425135)
(1173494071, 1321544342)
(1187130585, 1187130579)
(1187086316, 1187086156)
(1179847764, 1183641770)
(1174120919, 1174120931)
(1173452768, 1173452843)
(1186511141, 1186511130)
(1158156501, 1158156613)
(1174117097, 1188198835)
(1173486863, 1173486693)
(1174124548, 1174124510)
(1188391457, 1188391444)
(1318750798, 1318752273)
(1191397558, 1191397560)
(1193302839, 1193302783)
(1174117210, 1174117271)
(1321544249, 1321544339)
(1321544422, 1321544096)
(278486888, 278486887)
(1298403718, 1298403702)
(1173444008, 1173444069)
(130212979, 130212980)
(1173487109, 1173486851)
(1187119118, 1187119100)
(1103651735, 1103651760)
(449815981, 449815982)
(1113220276, 1113220350)
(1174116881, 1174116991)
(1173486610, 1173487005)
(1299524326, 1299524311)
(1174117144, 1174116492)
(1197705242, 1197705254)
(1187136628, 1187139236)
(1188414093, 1188414080)
(1103651670, 1103651733)
(1174124550, 1183684200)
(1191507726, 1191507762)
(1321544613, 1321544563)
(1186511121, 1186511138)
(1173425089, 1167373126)
(1183630332, 1174116604)
(1166036861, 1113220458)
(1173440082, 1173452913)
(1173486622, 1173486838)
(1159931555, 1159931560)
(1183721285, 1183721305)
(1187139255, 1187136617)
(1190301011, 1190301017)
(1318750800, 1318750799)
(1193302843, 1193302885)
(1191393815, 1155513057)
(1188391384, 1188391456)
(1158156651, 1158156684)
(449815979, 449815981)
(1179851683, 1188391382)
(1113220425, 1113220386)
(1188236822, 445088876)
(1158202505, 1158156616)
(1173452812, 1173452876)
(1166036836, 1185825681)
(1193124738, 1174116673)
(1159958294, 1159958245)
(1173486847, 1173486875)
(1155513029, 1155513039)
(1186466929, 1174124515)
(278486600, 278486599)
(1173486838, 1173486666)
(449815915, 1113220403)
(1193302867, 1193302780)
(1298799465, 1298799444)
(1173452741, 1173452880)
(1187130542, 1187130546)
(1174120913, 1186511137)
(1173444099, 1173444094)
(1321544506, 1321544130)
(1167369731, 1167369726)
(1191478920, 1173440062)
(1187088693, 1187088701)
(1318750799, 1318750821)
(1185825665, 1166036801)
(1191507773, 1187119120)
(1183641809, 1183641839)
(1183623224, 1183623241)
(1174116710, 1174116743)
(1174120956, 1174120944)
(1173452972, 1173452954)
(1174116615, 1174116717)
(1192542591, 1192542597)
(1166036863, 1166036869)
(278970273, 278970276)
(1113220325, 1113220302)
(1192542598, 1192542594)
(1187121669, 1187121690)
(1173486536, 1173486812)
(1187130540, 1103651735)
(1188236821, 1188236839)
(1158156447, 1174120906)
(1178253290, 1178253288)
(1173425058, 1183721321)
(1187136637, 1187136595)
(1183684154, 1183684240)
(1173440057, 1191478920)
(1193130416, 1193130413)
(1188232533, 1178253241)
(1187070116, 1187070119)
(1299524330, 1299524318)
(449815880, 449815883)
(1298799455, 1298799472)
(1159931485, 1159931477)
(1174116517, 1174116984)
(1321544053, 1321544287)
(1183621556, 1183621574)
(1155459309, 1149024605)
(1299524312, 1299524332)
(1155513048, 1155513068)
(1308678990, 1308678996)
(1174117298, 1174116562)
(1159066061, 1159066058)
(1183630360, 1187549365)
(1189056706, 1189056711)
(1173425055, 1173424893)
(1173486959, 1173486583)
(1183721296, 1193124746)
(1149024616, 1149039198)
(1173486653, 1173486807)
(1149057851, 1160107524)
(1185825697, 1185825673)
(1160057028, 1160057027)
(1149024621, 1159066067)
(1321544166, 1321544109)
(1166043420, 1166043417)
(1187121673, 1187121676)
(1174116613, 1174116617)
(1174116966, 1174116708)
(1321544384, 1321544342)
(1185825697, 1166052441)
(1166036834, 1166036863)
(1194803359, 1187086355)
(1159931429, 1149049236)
(1173440065, 278973843)
(1197705241, 1197705243)
(1187086308, 1187086232)
(1103651751, 1183721314)
(1187136629, 1187136628)
(278487482, 278487483)
(1321544397, 1321544164)
(1321544617, 1321544131)
(1159931362, 1159931360)
(449815977, 449815979)
(1308679580, 1308679579)
(1187070119, 1187070129)
(449815840, 449815842)
(1174116816, 1174116837)
(1173444096, 1174116692)
(1173487101, 1173486579)
(1174116521, 1174116840)
(1173425083, 1173424978)
(1155513024, 1155513069)
(1174116975, 1174116479)
(1182447913, 1182447907)
(1159066081, 1159066062)
(1160107515, 1160107527)
(1191482476, 1191482482)
(1174124545, 1174124486)
(1178253257, 1188232561)
(1160057012, 1160057011)
(1321544056, 1321544619)
(1173486579, 1173486622)
(1191453631, 1191453579)
(1173486840, 1173486878)
(1183630392, 1183630430)
(1299524301, 1299524322)
(1113220341, 1113220257)
(1149052113, 445088893)
(1103651839, 278973137)
(25452376, 25452377)
(1188232532, 1149024618)
(1187134892, 1187134866)
(1183641773, 1183641778)
(1173494071, 1173494091)
(1166036829, 1183708724)
(1173486706, 1173486577)
(278973137, 1103651615)
(1103651857, 1103651834)
(1321544449, 1321544349)
(1187070114, 1159931396)
(130212977, 130212978)
(278486605, 278486604)
(449822809, 1179847763)
(1113220386, 1113220222)
(1113220277, 1113220439)
(875810905, 875810880)
(1321544284, 1321544079)
(1158156582, 1158156620)
(1173439992, 1183721333)
(1149039182, 1149049224)
(1190255771, 1190255741)
(1113220227, 1113220482)
(1167369708, 1173425185)
(1166036794, 1166036801)
(1158164517, 1193317611)
(1155513037, 1159071653)
(1155503714, 1155513047)
(449815933, 449815937)
(1187070118, 1188198868)
(449815822, 449815823)
(1159931448, 1159931437)
(1187130569, 1187130547)
(1031684701, 1149057850)
(1189513997, 1189513994)
(1173444027, 1173444086)
(1174116653, 1174117056)
(1159931405, 1159931468)
(1173486540, 1173486625)
(1174116792, 1174117095)
(1183621572, 1183621585)
(1192542572, 1192542579)
(1299524311, 1299524297)
(1187130583, 1187130569)
(1173440049, 1173440084)
(1113220274, 1113220349)
(1173424934, 1173425005)
(1113220403, 1113220279)
(449815805, 449815812)
(1183684138, 1183683996)
(1191393803, 1191393808)
(1321544585, 1321544621)
(1173452819, 1173457705)
(1183641766, 1183641799)
(449815838, 449815840)
(26122777, 1214153508)
(1159931510, 1149039190)
(1183652028, 1183652016)
(1173452973, 1173452792)
(1174116410, 1173486685)
(1321544156, 1321544508)
(1197705254, 1197705247)
(1113220354, 1113220308)
(1187087924, 1193317610)
(1113220375, 1113220302)
(1183684044, 1183684094)
(1308678997, 1308678992)
(1174116757, 1174116785)
(1191453668, 1191453538)
(1174117147, 1174116482)
(1173424898, 1173425178)
(278970281, 278970272)
(1187121679, 1187119103)
(1149024602, 1149024617)
(1103651797, 1103651843)
(1113220459, 1113220250)
(1179851735, 1179851733)
(1194804892, 1194804903)
(1187087937, 1187087915)
(1187139252, 1187139259)
(1174117027, 1173425176)
(1180139987, 1180139996)
(1173452858, 1173452948)
(1174116916, 1159071653)
(1158156508, 1158156504)
(1321544382, 1321544321)
(1174116575, 1174116541)
(1159931475, 1158156646)
(1193130402, 1193130399)
(1185825676, 1185825690)
(1183630393, 1183621555)
(1174116527, 1174116896)
(1149027135, 1149039194)
(1187134883, 1187134878)
(1173452863, 1173452923)
(1189056706, 1187136576)
(1308679581, 1308679576)
(278486908, 278486907)
(1185825668, 1185825667)
(1321544157, 1321544024)
(1194766758, 1159958298)
(1173486798, 1173487010)
(1173457680, 1173457703)
(1194766757, 1193320904)
(1174117193, 1149024602)
(1166052465, 1166052453)
(1173444041, 1173444058)
(1159931471, 1159931569)
(1161020680, 1161020685)
(1318750829, 1318750816)
(1193624355, 1193624354)
(1321544187, 1321544567)
(1173452954, 1173452942)
(1187136621, 1187136634)
(1173425099, 1173425152)
(1173425204, 1173425139)
(1191507768, 1187119116)
(449815759, 449815763)
(1187130580, 1187130555)
(1183621582, 1183621590)
(1187130533, 1187130544)
(1187130569, 1187130581)
(1321544625, 1321544254)
(1167369765, 1149024600)
(1191453575, 1191453561)
(1187130561, 1187130543)
(1183621585, 1183630393)
(1158164532, 1158164530)
(1186519692, 1186511145)
(1173444069, 1173444062)
(875811251, 1194803388)
(1187086288, 1187086302)
(1183684042, 1183684051)
(1158156578, 1158156577)
(1158156457, 1158156427)
(1298403714, 1298403715)
(1183721303, 1183721333)
(1160057039, 1160057010)
(1160057045, 1160057042)
(1178835891, 1178835892)
(1173487036, 1158156467)
(1187121675, 1187121671)
(875810954, 1194804869)
(1103651757, 1103651727)
(1158156648, 1158156671)
(1187119116, 1187119123)
(1321544342, 1167369715)
(1174116651, 1188232526)
(278970275, 278970278)
(1174124486, 1174124548)
(1104540218, 1104540602)
(1173440046, 1173440051)
(1174124515, 1174124535)
(1174120928, 1174120946)
(1174116833, 1174116836)
(1183684206, 1183684044)
(1185825696, 1185825670)
(1187086124, 1187086212)
(1191386385, 1191386384)
(1113220424, 1113220227)
(1113220482, 1166036861)
(1193130410, 1187130535)
(1194800317, 1194800331)
(1149039193, 1149039183)
(449815899, 449815900)
(1188391438, 1188393879)
(1103651659, 1187130590)
(278487484, 278487485)
(1316588126, 1316588116)
(1188198835, 1188198864)
(1173452923, 1173452761)
(1187119131, 1187119128)
(1173486739, 1173486693)
(1188185981, 1188186008)
(1187136634, 1187136624)
(449822802, 449822805)
(1179851689, 1179851686)
(1192542601, 1192542572)
(1187086193, 1187086163)
(1191411622, 1187136573)
(1173497313, 1173497303)
(1187119101, 1187119137)
(1179851717, 1179851732)
(1183684157, 1183684012)
(1158164534, 1158164550)
(1173424941, 1173424981)
(1308680636, 1308680645)
(1321544133, 1321544190)
(1188391459, 1188391446)
(1173452925, 1173452851)
(1174116761, 1174116613)
(1191397568, 1191397555)
(1149055286, 1149055290)
(1183652034, 1183652011)
(1174116630, 1174116627)
(1159066062, 1188236844)
(1187086184, 1187086195)
(1318750836, 1318750790)
(875811144, 1194804871)
(1183630352, 1183630426)
(1173440050, 1173440011)
(1321544551, 1321544553)
(1190301013, 1190301012)
(1193130390, 1193130423)
(1321544510, 1321544623)
(1158156606, 1158156597)
(1193130386, 1193130424)
(1149049244, 1149049239)
(1299524313, 1299524307)
(1186511112, 1186511145)
(1174116538, 1174117003)
(1159931479, 1159931471)
(1149024602, 1188232557)
(1158156502, 1158156501)
(1316588135, 1316588131)
(1103651787, 1103651751)
(1173424981, 1173425045)
(1113220272, 1113220222)
(1113220237, 1113220325)
(1174116982, 1173452929)
(1194804890, 875811251)
(1158156677, 1158156669)
(1188236823, 1188233970)
(1178253241, 1178253257)
(1321544079, 1321544282)
(1173486834, 1173486742)
(1299524316, 1299524305)
(1190255765, 1190255759)
(1321544280, 1321544219)
(1191393771, 1191393728)
(1321544026, 1321544584)
(1187130538, 1187130581)
(1173425092, 1167369708)
(1174117051, 1174116996)
(1149024601, 1188232532)
(1187086120, 1187086310)
(1173486700, 1173487062)
(1188233970, 1188233972)
(445088876, 1149024616)
(1179851748, 1179851741)
(1174116867, 1174116588)
(1187119103, 1187121682)
(1173486998, 1173486861)
(1173425135, 1173425017)
(1167369751, 1167369750)
(1167369717, 1173494071)
(1167369750, 1167369754)
(1321544069, 1321544461)
(1178253271, 1149049236)
(1187086255, 1187086184)
(1321544468, 1321544403)
(1173440075, 1173439983)
(1188185990, 1186511121)
(1174120917, 1174120909)
(1113220298, 1113220380)
(1113220432, 1113220272)
(1174116830, 1155513070)
(1187086127, 1187086228)
(1182447872, 1182447896)
(449815848, 449815850)
(1173444003, 1173444008)
(1165960706, 1188236823)
(1173486590, 1173486571)
(1183621560, 1183621570)
(278486928, 278486927)
(1173486524, 1173486496)
(1173425083, 1173425064)
(1149039194, 1149027143)
(1113220322, 1113220300)
(1298799472, 1298799469)
(1173444037, 1173444098)
(1192542582, 1192542581)
(1173452876, 1173452808)
(278486902, 278486901)
(1158156663, 1158156665)
(1186511130, 1186511137)
(1193624363, 1193324421)
(1190255741, 1190255731)
(1194803513, 1194803365)
(1103651870, 1103651784)
(1180139985, 1180139999)
(1187086360, 1187086265)
(1159066065, 1159066079)
(1149024614, 1149024610)
(1321544476, 1321544410)
(278486911, 278486910)
(1193320899, 1193320918)
(1167369752, 1188232517)
(449815875, 449815880)
(1173497317, 1149057851)
(1194804869, 1194804897)
(1321544429, 1321544447)
(1174116472, 1174116639)
(269567665, 278970386)
(1173452968, 1173452878)
(1188232505, 1188232531)
(615304347, 445088876)
(1103651620, 1103651857)
(1183641795, 449822812)
(1174120909, 1174120926)
(1193302756, 1187087935)
(1166036869, 1185825687)
(1318750824, 1318750840)
(1173444067, 1191482476)
(1192542590, 1192542575)
(1159931549, 1159931410)
(1193130412, 1193130446)
(1187136613, 1187136618)
(1321544348, 1321544490)
(1160057004, 1160057049)
(1113220422, 1113220255)
(1173452743, 1173452786)
(1159931520, 1159931367)
(1173439977, 1173439996)
(269567670, 1187121673)
(1191397555, 1191397561)
(1158156660, 1173487036)
(1179851716, 1179851735)
(1159066074, 1159066065)
(1186511113, 1186511103)
(1183621578, 1183621559)
(1155513039, 1173452910)
(1187121672, 1187121680)
(1321544401, 1321544624)
(1321544565, 1321544397)
(1194804901, 1194804905)
(1321544435, 1321544479)
(1173486689, 1173486614)
(1174116690, 1174117007)
(1166043417, 1166043410)
(1173425104, 1173424898)
(278486900, 278486899)
(1187130535, 1190301009)
(1194769894, 1159958285)
(1183701904, 1155513071)
(1187136631, 1187136632)
(130212983, 130212984)
(1113220324, 1113220417)
(445088891, 445088893)
(1191411617, 1191411618)
(1113220399, 1113220465)
(1191393833, 1191393806)
(269567733, 269567734)
(1173497308, 1149055284)
(1187136616, 1187136626)
(1316588133, 1316588128)
(1308679579, 1308679582)
(1193218576, 1193218606)
(1103651834, 1103651789)
(1299524314, 1299524326)
(1321544138, 1321544320)
(1321544168, 1321544026)
(1187119138, 1187119121)
(1193320918, 1193320926)
(1193320922, 1193320920)
(1173486733, 1173486700)
(269567734, 269567735)
(1155459157, 1155459098)
(1193324396, 1193320878)
(1173486528, 1173486703)
(1173440074, 1173440044)
(1186466930, 1186466929)
(1187130571, 1187130583)
(1155513069, 1155513073)
(1191393828, 1191393818)
(1187086320, 1187086304)
(1166052442, 1166052465)
(1183621561, 1183621583)
(1149041894, 1149024603)
(1187121690, 1187121680)
(1188232533, 1188232561)
(1160057039, 1160057029)
(130212980, 130212981)
(1194769880, 1194769894)
(1321544104, 1321544651)
(1149039188, 1149039198)
(1158156624, 1158156535)
(1173486577, 1173487007)
(1185825694, 1185825692)
(1173425058, 1173425174)
(1158156610, 1158164534)
(1174124507, 1174124587)
(1187086266, 1187086122)
(1187134865, 1187134893)
(1173440028, 1173440039)
(1174117205, 1174117298)
(1174117091, 1174117307)
(449815909, 449815913)
(1193302917, 1187087914)
(1174116719, 1183630360)
(1190311172, 1187130578)
(1180139990, 1180139985)
(1113220219, 1113220432)
(1187130582, 1187130564)
(1187130542, 1187130554)
(1183630407, 1183630352)
(1183652018, 1183641865)
(1321544521, 1321544217)
(1321544096, 1321544258)
(1173452795, 1173452925)
(449815777, 449815778)
(1321544164, 1321544522)
(1173444034, 1173444093)
(1159958285, 1159958253)
(1158156561, 1173486940)
(1183630351, 1183630329)
(1182447896, 1182447879)
(1149057856, 1113220468)
(1104540617, 1194760981)
(1113220349, 1113220479)
(1159931443, 1160057028)
(1155503701, 1155503716)
(1316588116, 1316588133)
(1187134890, 1187136608)
(1187136582, 1187134892)
(1166052450, 1166052475)
(1166043476, 1166043472)
(1158156529, 1158156455)
(278970270, 278970281)
(1174117056, 1174116984)
(1173494125, 1173494107)
(1192542604, 1192542577)
(449815831, 449815834)
(449822802, 1113220461)
(1158164550, 1158164518)
(1191397556, 1191397557)
(1191453614, 1191453665)
(1193130396, 1193130432)
(1179851736, 1179851713)
(1194804885, 1194804876)
(1183630346, 1183630460)
(1321544256, 1321544289)
(1188414092, 1188414094)
(1173440058, 1173440065)
(1179851694, 1179851693)
(1166052468, 1149057856)
(1113220350, 1113220307)
(1194804883, 1194804906)
(1174116476, 1174116678)
(1174116842, 1174116447)
(1321544444, 1321544196)
(1173452741, 1173452752)
(1159958253, 1194760986)
(1187134886, 1187134883)
(1173440080, 1173440022)
(1173486867, 1173486809)
(1166036863, 1166052473)
(1192542578, 1192542600)
(1173452808, 1173452901)
(1321544541, 1321544261)
(1167369729, 1167369727)
(1113220336, 1113220421)
(1193130426, 1190301012)
(1173424969, 1173424961)
(1298799452, 1298799458)
(1188391430, 1188391438)
(1183630384, 1183630449)
(1159931333, 1159931327)
(1190311179, 1187130577)
(1321544075, 1321544197)
(1191393750, 1191393786)
(1187087904, 1187087917)
(1174117291, 1174117108)
(1173486801, 1173486777)
(1183721324, 1183721322)
(1187131624, 1187131622)
(1321544228, 1321544254)
(1183721298, 1183721293)
(1159071653, 1159931430)
(1173452905, 1173452726)
(1159931563, 1159931414)
(1191397564, 1191397562)
(1165957861, 1165957857)
(1179847763, 1179847764)
(1191453635, 1191453582)
(1173487047, 1173487022)
(449815941, 449815946)
(1187121694, 1187121679)
(1174116933, 1174116816)
(1113220419, 1113220234)
(1174116541, 1174116842)
(1193318583, 1187086306)
(1187136626, 1187136573)
(1149024617, 1174116651)
(1113220479, 1113220375)
(1173486836, 1183684051)
(1174116441, 1174117332)
(1113220451, 1113220336)
(1187119124, 1187119119)
(1178253283, 1178253274)
(1187136617, 1187136627)
(1173457706, 1173457692)
(1159958251, 1159958291)
(1321544067, 1321544110)
(1187130577, 1187130546)
(1113220224, 1113220310)
(278486885, 278486884)
(1167369713, 1173425011)
(1193130404, 1193130441)
(1187139206, 1187136580)
(1149055289, 445088895)
(1187119132, 1187121693)
(1183721321, 1155459304)
(1173452902, 1173444099)
(278974126, 278974127)
(1178253275, 1178253259)
(1188232530, 1188232531)
(1321544082, 1321544284)
(1321544287, 1321544226)
(1158156504, 1158156502)
(278486881, 278486880)
(1149024618, 1149024605)
(278486925, 278486924)
(278486891, 278486890)
(1113220401, 1113220232)
(1187086216, 1193318583)
(1166052453, 1166052491)
(1321544041, 1321544323)
(1149049228, 1149049222)
(445088888, 445088889)
(1308679000, 1308678990)
(130212984, 130212985)
(1187136579, 1187139218)
(1183684046, 1173487087)
(1194804877, 1194804904)
(1158156527, 1159931475)
(1185825674, 1185825664)
(1173440022, 1173424961)
(1173440059, 1173440095)
(1308679002, 1308678988)
(1173425099, 1155459154)
(1193302822, 1193302794)
(1187086326, 1187086288)
(1173424923, 1167373126)
(1173439995, 1173440045)
(1187086252, 1187086291)
(1187086158, 1187086316)
(1190301009, 1103651715)
(449822820, 1183641846)
(1321544259, 1321544230)
(1159931360, 1159931401)
(1321544254, 1321544228)
(1149039183, 1149039182)
(269567667, 269567668)
(278486906, 278486905)
(1174117251, 1174116527)
(1194804895, 875811144)
(1166043477, 1166052448)
(1174116724, 1174116472)
(1178253287, 1173494107)
(1173487010, 1173487048)
(1187119139, 1191507764)
(1299524322, 1299524308)
(1298799458, 1298799444)
(1187070126, 1188198843)
(1194760986, 1194760991)
(1321544470, 1321544466)
(1173457693, 1158156483)
(1160057008, 1149057849)
(1173486663, 1173486774)
(1187086281, 1187086182)
(1187130547, 1187130571)
(1159931511, 1159931506)
(1186511131, 1186511107)
(1185825983, 1185825963)
(1178253259, 1178253297)
(1185825673, 1185825665)
(1174116751, 1174116407)
(1187121689, 1187121700)
(1187130534, 1187130539)
(1191393783, 1191393803)
(1155513071, 1191393815)
(1192542588, 1192542601)
(1158156616, 1158156458)
(1321544316, 1321544104)
(1187134881, 1187134866)
(1193302797, 1193302843)
(1173439996, 1173440058)
(1185825693, 1185825668)
(1191507730, 1191507720)
(1191393786, 1191393747)
(1187134888, 1187134885)
(1299524328, 1299524334)
(278486893, 278486892)
(278486603, 278486602)
(1173452841, 1173452795)
(1318752273, 1318750824)
(1191453540, 1191453640)
(1173440009, 1173440028)
(1321544447, 1321544108)
(1187121698, 1187121676)
(1173439990, 1173439978)
(1187130558, 1187130535)
(269567675, 1187121699)
(1173452940, 1173452834)
(1187136579, 1189056706)
(1174120935, 1174120949)
(445099443, 1187139238)
(1113220396, 1113220219)
(1183621570, 1183623242)
(1155459230, 1155459167)
(1193320926, 1194766757)
(1155459251, 1155459318)
(1191397567, 1191397566)
(25449396, 130212977)
(1113220273, 1113220433)
(1173486658, 1173486618)
(1187086107, 1193318586)
(1187134892, 1187136628)
(1183630412, 1183630439)
(1308680645, 1308680647)
(1167369710, 1149024600)
(1166036879, 1166036842)
(1179847768, 1179847769)
(1186511107, 1186511112)
(1321544594, 1321544444)
(278486904, 278486903)
(1173452973, 1173452907)
(1173444062, 1173444091)
(1104540420, 1194769884)
(1308679004, 1308679005)
(278487485, 278487486)
(1174116978, 1174116783)
(1113220279, 1113220361)
(1174116913, 1174116802)
(1160057008, 1113220310)
(1103651643, 1103651847)
(1321544487, 1321544407)
(1161008035, 1161008015)
(1299524327, 1299524309)
(1161020680, 1185825965)
(1174116684, 1183684142)
(278730286, 278730288)
(1174116545, 1178253293)
(1178253289, 1178253256)
(1192542600, 1192542602)
(1187086323, 1187086210)
(1149041921, 1149041894)
(1183621574, 1183621590)
(1173486547, 1173486816)
(1187121676, 1187119132)
(1173486840, 1173486590)
(1192542585, 1192542576)
(1188185969, 1174120935)
(1173486612, 1173486840)
(1299524293, 1299524327)
(1183621559, 1183621591)
(1187086241, 1187086180)
(1321544106, 1321544594)
(1187086257, 1187086360)
(1166043416, 1113220277)
(1187130548, 1187130576)
(1188232517, 1188232515)
(1173486909, 1173486898)
(1159931451, 1159931515)
(1159931468, 1159931451)
(1158156427, 1158156424)
(278974125, 278974126)
(1321544553, 1321544138)
(1192542576, 1192542582)
(1173452931, 1173452905)
(1158156620, 1158156561)
(1149039191, 1149039195)
(1167369763, 1174116945)
(1158156541, 1158156443)
(1187136595, 1187136562)
(1185825667, 1185825689)
(1321544532, 1321544183)
(1167369754, 1178253281)
(278730281, 278730280)
(1194769831, 1194769880)
(1308679576, 1308679578)
(1174117262, 1178253287)
(1187121681, 1187121698)
(1158156430, 1158156449)
(1321544042, 1321544565)
(1158156474, 1174117156)
(1159931396, 1187086136)
(1183630442, 1183630336)
(1188198864, 1187070118)
(1194804872, 1194804878)
(1158156447, 1158156552)
(449815903, 449815908)
(1113220267, 1113220226)
(1160057031, 1160057003)
(449822816, 449822818)
(1193302917, 1193302760)
(1155459316, 1155459162)
(1183621566, 1183630433)
(1194803388, 875810905)
(1166052499, 1166052500)
(269567684, 1103651721)
(1193130427, 1193130453)
(1193302877, 1193302846)
(1174116869, 1174116940)
(1190255749, 1190255751)
(1173440045, 1173440050)
(1187087917, 1187087922)
(1321544656, 1321544591)
(1191393777, 1191393783)
(1173452880, 1173452953)
(1103651793, 1103651757)
(1104540981, 1104540818)
(1166052469, 1166052472)
(1155459234, 1155459238)
(1158164515, 1187087927)
(1173425101, 1173425092)
(1186511128, 1186511141)
(1155503724, 1155459352)
(1103651727, 1189510578)
(1179851695, 1179851694)
(1174117312, 1173486973)
(1158156646, 1158156648)
(1193130399, 1193130404)
(1191411624, 1191411617)
(1159931552, 1159931558)
(1113220380, 1113220354)
(1187119113, 1187119115)
(1158156643, 1158156636)
(1183621566, 1183621584)
(449815890, 449815892)
(1188198868, 1187070126)
(1174120915, 1174120917)
(1193320920, 1182447913)
(1188232515, 1188232514)
(1191478783, 1191478778)
(1193130431, 1193130390)
(1173486973, 1178253293)
(278486924, 278486923)
(278973135, 278973618)
(1159931560, 1159931569)
(1187134893, 1187134899)
(1192542583, 1192542584)
(1158156572, 1158156473)
(1185825669, 1185825680)
(1173444068, 1173444037)
(1173452792, 1173452945)
(1191478776, 1191478779)
(1173487097, 1173486520)
(1158156636, 1158202505)
(449822805, 1183652028)
(1187086231, 1187086217)
(1158156607, 1174116534)
(1173452834, 1173452973)
(1174120931, 1174120915)
(1166043475, 1166043424)
(1187119136, 1191507773)
(1183630439, 1183630327)
(1174116678, 1174116517)
(1187136586, 1187136578)
(1155503704, 1155503701)
(1179851686, 1179851684)
(1173452720, 1173452978)
(1190301015, 1190301014)
(1174117332, 1179851732)
(1183652011, 1183641833)
(1173486875, 1173486547)
(1103651646, 1103651830)
(1161020718, 1161020710)
(1197705252, 1197705242)
(1173425202, 1173425146)
(26122777, 26122779)
(1113220383, 1113220237)
(1188391439, 1188391367)
(1103651620, 1103651672)
(1183652016, 449822809)
(1187119104, 1187119107)
(1183641799, 1183641750)
(1174117000, 1174117103)
(1183621573, 1183623240)
(1187086291, 1194803359)
(278486923, 278486922)
(1187121703, 1187121685)
(1149039187, 1149039186)
(1191494005, 1187119130)
(1174116407, 1174116682)
(1187130539, 1187130533)
(1160107514, 1159931479)
(1174116840, 1174116790)
(1178253262, 1178253299)
(1113220491, 1113220346)
(1173425180, 1173425204)
(875810760, 1194804882)
(1149039190, 1149039196)
(1173444098, 1173444024)
(1167369755, 1167369769)
(1174116639, 1174117162)
(1173457679, 1173452763)
(1194769846, 1197696386)
(1185825686, 1185825688)
(1113220308, 1113220341)
(1113220260, 449815759)
(1197696385, 1187088699)
(1160057006, 1160057031)
(1187070112, 1187070119)
(1187087915, 1187087904)
(1186511137, 1186511109)
(445099442, 445099443)
(1191478778, 1191478922)
(278487486, 278486931)
(1179851708, 1179851712)
(1187087936, 1187087937)
(1165960703, 1165960710)
(1193130450, 1193130402)
(1103651830, 1190311158)
(1187136594, 1189056711)
(1174116717, 1174116753)
(1194803432, 1187086355)
(1165960705, 1165960712)
(1149024605, 1173425058)
(1193302905, 1193302741)
(1158156619, 1158156524)
(1185825671, 1185825698)
(1194766761, 1194766764)
(1173452710, 1173452796)
(1321544369, 1321544192)
(1173486934, 1173486768)
(1191507720, 1191507775)
(1183641842, 1183641799)
(1187134875, 1187134865)
(1321544378, 1321544555)
(1159958318, 1159958240)
(1191393815, 1191393818)
(1193302916, 1159931448)
(1183721296, 1183721294)
(1321544372, 1321544530)
(1185825683, 1185825675)
(1173439997, 1173440030)
(1182447907, 1182447872)
(1188232562, 1188232507)
(1183684008, 1183684053)
(1191397566, 1191397547)
(1174116949, 1174117097)
(1187136595, 1187136623)
(1173457694, 1173457706)
(1187130563, 1187130556)
(1159931448, 1158156584)
(1183701893, 1183701899)
(1187136596, 1187136607)
(1155513008, 1178253256)
(449816015, 135806310)
(1178253280, 1178253296)
(1173440076, 1173452747)
(1174116617, 1174116690)
(1321544530, 1321544043)
(1183721319, 1183721303)
(1178253260, 1178253243)
(1174117162, 1174116844)
(1173494099, 1178253275)
(1173486618, 1173486536)
(1161008009, 1161008075)
(1190301005, 1190301010)
(1174116790, 1174116776)
(449815827, 449815831)
(1187086319, 1187086158)
(1188185969, 1188185990)
(1194803434, 1194803430)
(1191453585, 1191453566)
(1189469438, 1189469437)
(1187136562, 1187130545)
(1113220232, 1113220415)
(1187086252, 1187086340)
(1183701895, 1183701904)
(445088895, 1113220249)
(1187130541, 1187130558)
(1158164526, 1158164532)
(1187130557, 1103651759)
(1191453640, 1191453668)
(1158156669, 1158156518)
(1235202077, 269567686)
(1316588119, 1316588126)
(1174124484, 1174124583)
(1191507728, 1191507722)
(1173424921, 1173425202)
(1173425089, 1173494125)
(1174116564, 1188391457)
(1103651843, 1103651666)
(1183641799, 1183641829)
(1174117257, 1174117086)
(1159931440, 1159931482)
(1191444665, 1191444660)
(1187086260, 1187086216)
(1178253253, 1178253270)
(1113220437, 1113220497)
(1187139218, 1187136565)
(1187130549, 1187130559)
(1174117103, 1174117295)
(1173440051, 1183701899)
(1113220237, 1113220491)
(1194804870, 1194804868)
(1183630433, 1183630392)
(1187121703, 269567669)
(1321544131, 1321544463)
(1158164546, 1187086237)
(1191411620, 1191411624)
(1194803456, 1194803353)
(1173486666, 1173486567)
(1187139216, 1187139240)
(1149049230, 1149049222)
(1174116712, 1174116445)
(1187088699, 1197696383)
(1149039198, 1149039193)
(1183641769, 1183641804)
(1179847762, 1183641802)
(278486598, 278486597)
(1173440084, 1173440075)
(1160107513, 1160107514)
(1188225845, 1178253257)
(1183641750, 1183641833)
(1187136609, 1187139206)
(1188232547, 1188232550)
(1174116789, 1174116747)
(1188232499, 1188232530)
(1158156510, 1158156506)
(1173440101, 1173440100)
(1187119100, 1187119127)
(1174116936, 1174116757)
(1187130550, 1187130537)
(449815778, 449815779)
(1174116811, 1174116795)
(1183630439, 1183630463)
(1191453629, 1191453625)
(1173425178, 1173425177)
(1321544282, 1321544082)
(1160056995, 1160057004)
(1159958274, 1159958291)
(1187070120, 1187070113)
(1194803513, 1194803410)
(1183630447, 1183684000)
(1186458763, 1183641750)
(1174116590, 1174116742)
(1187136582, 1187136579)
(1173452913, 1173452728)
(1173452749, 1173452743)
(1173440025, 1173440046)
(1193302780, 1193302874)
(1155513050, 1173439981)
(1183684240, 1183684088)
(1113220346, 1113220422)
(449822818, 449822820)
(1187086308, 1158156678)
(1321544261, 1321544039)
(1194803446, 1194803474)
(1188236839, 1149041893)
(1166036857, 1166036859)
(1158156432, 1158156435)
(1185825679, 1185825678)
(278730288, 278730279)
(1191397562, 1191397551)
(1178253243, 1187136608)
(1183621555, 1183623240)
(1187086237, 1187086290)
(1173440099, 1173440033)
(1189469436, 445088873)
(1113220352, 1113220237)
(1173457691, 1173457694)
(1113220295, 1113220252)
(1187086175, 1158164515)
(1183641773, 1183641769)
(1173424927, 1178253248)
(449815919, 1113220400)
(1158156684, 1158156680)
(1321544198, 1321544125)
(1173486693, 1173486610)
(1173497322, 1173497305)
(1173486614, 1173486739)
(278486912, 278486911)
(1178253266, 1178253289)
(1188391371, 1188391384)
(1186469882, 1160057008)
(1167369746, 1167369736)
(1187119130, 1191494003)
(1183684190, 1183684102)
(1191453637, 1191453540)
(1174116747, 1174116433)
(1321544393, 1321544628)
(1185825689, 1185825683)
(1191393818, 1191393750)
(1159931367, 1159931525)
(1183721287, 1183721317)
(1173487087, 1173487026)
(1173424983, 1167373126)
(1187070117, 1187070114)
(278486597, 278486596)
(1174116534, 1174116994)
(1187130580, 1187130551)
(1173486840, 1178253244)
(1183630360, 1183630470)
(1173425139, 1155513031)
(1160057006, 445088888)
(269567666, 269567667)
(1318750840, 1318750829)
(1159931558, 1159931448)
(1173452769, 1158156481)
(1187134883, 1187134875)
(1187086137, 1187086135)
(1185825984, 1185825985)
(1173452747, 1173452966)
(1158156473, 1158156496)
(1173486530, 1173487101)
(1194804902, 1194804875)
(449822822, 449822826)
(1149027143, 1149027140)
(1180139997, 1180139982)
(1187087924, 1193302756)
(1194803430, 1194803525)
(1173444024, 1173444072)
(449815870, 449815872)
(1113220229, 1113220358)
(1191507771, 1187119122)
(1173440097, 1173439977)
(1158156580, 1158156578)
(1321544583, 1321544450)
(1187130562, 1187130586)
(1155513023, 1173440060)
(1321544522, 1321544136)
(1113220422, 1113220324)
(1160107526, 1158156518)
(1321544586, 1321544557)
(1183652031, 1183652016)
(1173452991, 1173452976)
(1174116648, 1174116863)
(1179847754, 1183630447)
(1187136634, 1187136613)
(1299524309, 1299524333)
(1158156435, 1158156437)
(1194803458, 1194803344)
(1173424975, 1173424923)
(1187130564, 1187130588)
(1174116940, 1174117152)
(1188232543, 1188232516)
(449815864, 449815866)
(1321544628, 1321544395)
(1187086135, 1187086260)
(1182447879, 1187086323)
(1193130408, 1193130450)
(1155513057, 1155513067)
(1149027141, 1149027139)
(1187087927, 1158164517)
(1321544109, 1321544525)
(278486887, 278486886)
(1190301007, 1190301013)
(1187086182, 1187086143)
(1160057025, 1173487109)
(1173486809, 1173486658)
(1193218564, 1193218581)
(1166043468, 1166043420)
(278486883, 278486882)
(1173444006, 1173444039)
(1173425177, 1167369713)
(1187136619, 1187139262)
(1187086228, 1187086136)
(1192542575, 1192542592)
(25449704, 25449705)
(278486895, 278486894)
(1161020716, 1161020713)
(1183721333, 1173439981)
(278973137, 278973135)
(1158164519, 1158164521)
(1173452749, 1173452772)
(1159066086, 1159066081)
(1187119119, 1187119104)
(1187139240, 1187139242)
(278970280, 1103651839)
(1192542573, 1192542598)
(1174116601, 1174116410)
(1191411619, 1191411624)
(1183684185, 1183684206)
(1183623239, 1183623242)
(1321544414, 1321544350)
(1187086340, 1187086114)
(1187136607, 1187136576)
(1173487029, 1173486733)
(1158164549, 1104540771)
(1188391931, 1188391930)
(1174116564, 1174117303)
(1113220423, 1113220390)
(1159958245, 1159958279)
(1149057852, 1149057850)
(1193130444, 1193130423)
(1173487104, 1155513027)
(1183621582, 1183621559)
(1187086310, 1187086138)
(1159066079, 1159066069)
(1321544135, 1321544393)
(1183701890, 1183701895)
(1173425044, 1173424941)
(1298403727, 1298403714)
(1166052473, 1185825695)
(449815930, 449815933)
(1193130441, 1193130429)
(1174116945, 1167369752)
(1193320895, 1193320886)
(1183621568, 1183621574)
(1174116820, 1174116806)
(1308679003, 1308679006)
(1188241520, 1149024623)
(269567738, 1193324396)
(1185825985, 1185825983)
(1187121682, 1187119126)
(1183684099, 1183683993)
(1158156470, 1158156527)
(1183652031, 1183652015)
(1193130432, 1193130386)
(1173440083, 1173439995)
(1187136580, 1187136621)
(1103651789, 1103651793)
(1166052472, 1166052450)
(1183684097, 1183684138)
(1159958339, 1159958294)
(1173425061, 1173425099)
(1187542809, 1173486770)
(449815779, 449815784)
(1193302885, 1193302900)
(1173424938, 1173439982)
(1159958291, 1193624352)
(1193218570, 1193218560)
(1158156668, 1187086215)
(1187086199, 1187086253)
(1187086215, 1187086152)
(1173425131, 1173424934)
(449815900, 449815903)
(445088873, 615304347)
(1321544406, 1321544589)
(1173494107, 1173494093)
(1183630343, 1183630442)
(449822812, 449822816)
(1173425049, 1173425096)
(1187136563, 1187136564)
(1191393779, 1191393835)
(1173425174, 1173425208)
(1173452725, 1173452885)
(1321544170, 1321544042)
(1321544224, 1321544473)
(1190255763, 1113220273)
(1173486940, 1158202505)
(1321544278, 1321544431)
(1173425185, 1173424975)
(1188391390, 1188391371)
(1180139999, 1180139995)
(1187119121, 1187119099)
(1321544426, 1321544617)
(1321544497, 1321544527)
(1158164521, 1158164538)
(1158156624, 1158156453)
(1173425061, 1173424965)
(1321544305, 1321544476)
(1187136586, 1187136593)
(1321544391, 1321544166)
(1178253256, 1155513024)
(1174116938, 1174116908)
(1190311176, 1190311156)
(1190301014, 1190301011)
(1174120944, 1174120928)
(1299524303, 1299524296)
(1321544527, 1321544221)
(1194804894, 1194804901)
(1149027136, 1149027135)
(1173487059, 1173486934)
(449815971, 449815973)
(1321544624, 1321544198)
(1174116994, 1174117150)
(1183684102, 1183684099)
(1173452978, 1173452839)
(1173486612, 1173486631)
(1197705243, 1197705252)
(1166036829, 1166036834)
(1321544654, 1321544195)
(1187136635, 1187136616)
(1161020688, 1161020690)
(1165957856, 1165957858)
(1188236846, 1188236822)
(1173425172, 1173425143)
(263571489, 263571491)
(1166043424, 1166043413)
(1173440023, 1173440016)
(1173487119, 1187542809)
(1321544314, 1321544378)
(269567732, 1182447874)
(1185825695, 1166052470)
(1155513031, 1183701904)
(1194803349, 1194803507)
(1174117303, 1174116496)
(1173444094, 1173444073)
(1186482366, 1186482359)
(1173424999, 1173425049)
(1321544219, 1321544656)
(1167369726, 1186482384)
(1173497305, 1173497313)
(1173452766, 1173452805)
(1191386382, 1191386385)
(1183701891, 1173440025)
(1298403716, 1298403720)
(1186511103, 1174116787)
(1174116996, 1174116719)
(1155459098, 1187136606)
(1159931525, 1158156470)
(1174124536, 1174124545)
(1186519697, 1186519695)
(1193320878, 1193624363)
(1149049239, 1149057855)
(445099442, 445099449)
(1155513006, 1155513008)
(1149024615, 1167373127)
(1173440062, 1173457707)
(1321544289, 1321544613)
(1183684103, 1183684005)
(1321544466, 1321544435)
(1194803344, 1194803386)
(1173452942, 1173452896)
(1113220217, 1113220380)
(1173452761, 1173457680)
(1188232507, 1188232545)
(1193130444, 1190301006)
(1299524315, 1299524312)
(1185825681, 1185825674)
(278487480, 278487482)
(1187136589, 1178253243)
(1187119111, 1187119109)
(1159931430, 1159931511)
(278486920, 278486919)
(1187130554, 1187130570)
(1173486851, 1173486663)
(1159931410, 1159931552)
(1193218606, 1193218570)
(1158156604, 1158156606)
(1192542580, 1192542595)
(449815767, 449815772)
(1158156665, 1158156677)
(1299524332, 1299524295)
(1160107522, 1174116830)
(1187119102, 1187119138)
(1174124510, 1174124520)
(1173424893, 1173424938)
(1183621590, 1183621573)
(1173452951, 1173452833)
(1186511109, 1186511131)
(1321544136, 1321544561)
(1155513068, 1158156663)
(1173486781, 1173487119)
(1158164529, 1158164526)
(1187130588, 1187130552)
(1159931414, 1159931587)
(1187130581, 1187130555)
(1191507762, 1191507768)
(1193218550, 1193218576)
(1159958298, 1159958274)
(1159958253, 1194766758)
(1173486940, 1173486612)
(1191453625, 1191453614)
(1321544349, 1321544130)
(1161020698, 1161020721)
(1189510572, 1189510569)
(1173452819, 1173452968)
(449815866, 449815867)
(1173452839, 1173452717)
(1160107524, 1159931440)
(1214153113, 1214153344)
(278971117, 269567688)
(1193302730, 1193302839)
(1174116896, 1174116867)
(1191393747, 1191393771)
(1191453570, 1191453617)
(278486907, 278486906)
(1193130384, 1193130448)
(1187086253, 1187086189)
(1187130570, 1187130573)
(1187086263, 1194803432)
(1173440060, 1173440009)
(1194803365, 269567736)
(1161020694, 1161020718)
(1173457707, 1173440093)
(1174116581, 1174117262)
(1158156640, 1158156619)
(1187130546, 1187130589)
(1321544128, 1321544625)
(1173486816, 1173486760)
(1173425020, 1173424921)
(449815887, 449815889)
(1173444063, 1173444029)
(1173486583, 1173486949)
(1159071653, 1155513072)
(1192542595, 1192542573)
(1179847764, 1179847768)
(1187121668, 1187121681)
(1191393731, 1191393854)
(1321544410, 1321544162)
(1187086304, 1187086321)
(1174124587, 1174124513)
(1174116798, 1174116575)
(1179851712, 1179851710)
(875810880, 875811101)
(1155459155, 1187134869)
(1113220264, 1113220345)
(1187088701, 1104540465)
(1158156458, 1158203141)
(278730282, 278730283)
(1113220224, 1186469882)
(1190311172, 1190311176)
(1174116567, 1183630332)
(1178253291, 1173494088)
(1186519692, 1174120952)
(1183641846, 1183641843)
(1191397551, 1191397565)
(1179851737, 1179851739)
(1193320882, 1193320892)
(1183684104, 1183684008)
(1183630451, 1183630412)
(1187121671, 1187119115)
(1191393728, 1191393731)
(1173452913, 1173440014)
(1155459238, 1173425061)
(1158156499, 1158156604)
(1174116910, 1174117036)
(1113220397, 1113220316)
(1173425182, 1173424938)
(1174116806, 1174116792)
(1173452814, 1173452768)
(1174120906, 1174120954)
(1173452924, 1155513050)
(1214152702, 1214153113)
(1185825663, 1185825685)
(1187086248, 1187086213)
(278970274, 1103651717)
(1173452843, 1173452774)
(278486909, 278486908)
(1173452922, 1173452725)
(1185825672, 1185825666)
(1103651830, 1103651675)
(1174116783, 1183684195)
(1193130446, 1193130427)
(1186466931, 1174124536)
(1174116436, 1174116969)
(1159931327, 1159931417)
(1187119127, 1187119105)
(1192542581, 1192542599)
(1159931370, 1159931555)
(1185825678, 1185825693)
(445088880, 445088881)
(1193318580, 1193318583)
(1178835892, 1167369708)
(1183721318, 1183721298)
(1113220231, 1113220480)
(1191397565, 1191397567)
(1103651670, 1103651653)
(1173457694, 1174116875)
(1173486723, 1173486815)
(1183641835, 1183641844)
(1187139238, 445099446)
(1187121692, 1187121689)
(1183621581, 1183621568)
(1183621566, 449822828)
(1149052087, 1149052113)
(1173486567, 1173486843)
(1191507724, 1191507717)
(1321544431, 1321544075)
(1173452786, 1173452902)
(1188391446, 1174120935)
(1174116991, 1174116761)
(1174116984, 1174116627)
(269567674, 269567675)
(1158156443, 1158156430)
(1113220315, 1113220430)
(1158156590, 1158156499)
(1183684005, 1183684204)
(1299524333, 1299524314)
(1173444060, 1173444041)
(1191478922, 1191478776)
(1194803432, 1187086291)
(449815913, 449815915)
(1149049236, 1173487091)
(1187086290, 1187086120)
(1149039195, 1149039196)
(1187131623, 1187131624)
(1214153508, 1214153675)
(1190255742, 1190255759)
(1149041893, 1149041894)
(1318750804, 1318750837)
(1103651759, 1103651870)
(25449701, 25449702)
(1173425011, 1173424932)
(1186519695, 1186519690)
(1194760981, 1104540771)
(1187121694, 1187121674)
(1318750807, 1318750831)
(1187086189, 1187086248)
(1174116743, 1174116913)
(1194804878, 1194804884)
(1149057855, 1149057854)
(1173486968, 1173487019)
(1103651609, 269567688)
(1187139213, 1187139252)
(1173452953, 1173452931)
(1321544070, 1321544285)
(1173452789, 1173452887)
(1103651760, 1103651804)
(269567673, 269567674)
(1161008015, 1161008009)
(1174124579, 1174124592)
(449815851, 449815855)
(1187139220, 1187139215)
(1173440095, 1173440025)
(1194804904, 1194804867)
(1190301010, 1190301014)
(1160107522, 1160107516)
(1308678988, 1308679003)
(1193317610, 1193302791)
(1321544222, 1321544418)
(1187130559, 1103651759)
(1167369713, 1178835892)
(1174124505, 1174124538)
(1183630457, 1183630336)
(1187070129, 1187070125)
(1159931363, 1159931365)
(1173439992, 1155459316)
(1173440010, 1173439999)
(1104540602, 1104540143)
(1183630462, 1174116719)
(1183641844, 1183641795)
(1321544435, 1321544538)
(1187070128, 1187070120)
(278970282, 278970284)
(1187086257, 1193302775)
(1155459352, 1189513985)
(1193317611, 1158164537)
(1193302894, 1193302839)
(1187549365, 1183630349)
(1187130557, 1187130576)
(1187131625, 1187131623)
(1113220319, 1113220476)
(1179851748, 1174120935)
(1173439981, 1173440023)
(1194803526, 1194803367)
(449815837, 449815838)
(1178253269, 1178253271)
(1188232545, 1149024625)
(1173452763, 1173452749)
(1173440015, 1174116673)
(1113220439, 1113220227)
(1155459105, 1155459187)
(1173425176, 1173425101)
(1299524308, 1299524293)
(1183721317, 1183721302)
(1321544437, 1321544199)
(1183641770, 1183641865)
(1313209161, 1316588135)
(1159066069, 1188232494)
(1187136578, 1191411622)
(1187136632, 1187136635)
(1190255745, 1113220379)
(1166052441, 1166052499)
(1174116479, 1174116905)
(1194803355, 1194803349)
(1158164530, 1158164549)
(278486914, 278486913)
(1179847757, 1183641809)
(1186482362, 1186482366)
(449815799, 449815802)
(449815986, 449815989)
(1165960708, 1113220224)
(1321544125, 1321544401)
(1187139257, 1187139216)
(1174120949, 1174120948)
(1149024616, 1165960706)
(1308678993, 1308679004)
(1298799441, 1298799452)
(1173452861, 1173452809)
(1178253286, 1178253281)
(1173486612, 1173486940)
(1149039189, 1149027141)
(278486922, 278486921)
(1149021657, 1189469436)
(1191482476, 1173444034)
(278486917, 278486916)
(1187130590, 1103651724)
(1187139235, 1187139220)
(1113220257, 449822802)
(1187130553, 1187130562)
(1183701897, 1173440082)
(278486913, 278486912)
(1321544221, 1321544132)
(1113220226, 1113220399)
(1173425055, 1178253247)
(1187119122, 1187119125)
(1113220400, 1113220235)
(1188232528, 1188232543)
(1160057045, 1160057046)
(1321544538, 1321544311)
(1104540602, 1187088701)
(278970278, 278970282)
(1187130558, 1187130533)
(1191393831, 1191393777)
(1321544197, 1321544278)
(1188391930, 1174117264)
(1173440026, 1173439981)
(1113220222, 1113220356)
(1321544342, 1167369727)
(1190311158, 1103651787)
(1191411618, 1191411622)
(278486921, 278486920)
(1173444073, 1173444003)
(278486903, 278486902)
(1113220281, 1166043416)
(1103651724, 1189513989)
(1308680644, 1308680634)
(1174124502, 1174124583)
(1183684149, 1183684144)
(1173440016, 1173440014)
(1298403720, 1298403717)
(1188391444, 1188391441)
(1193302874, 1193302735)
(1191393808, 1191393828)
(445099447, 1187134891)
(1174116431, 1174117312)
(449815784, 449815786)
(1190311158, 1190311179)
(1183683993, 1183684149)
(1321544365, 1321544160)
(1308680637, 1308680636)
(1190255769, 1190255742)
(1173452812, 1173452814)
(1193210438, 1187542812)
(1113220356, 1113220401)
(1188232516, 1188232526)
(1173452761, 1173452940)
(1173486770, 1173487047)
(1183641843, 1183641775)
(1178253281, 1167369746)
(1187130576, 1187130543)
(1183721294, 1183721300)
(1190255731, 1190255767)
(1187086304, 1187086120)
(1183641804, 1183641807)
(1173440017, 1193124745)
(1187121685, 1187121696)
(1149057851, 1165960708)
(1173487005, 1173486765)
(1167369769, 1167369765)
(1187121682, 1187121697)
(449815775, 449815777)
(1173486760, 1173487087)
(1187139221, 1187139257)
(1174116492, 1174117000)
(1173440011, 1173440049)
(1321544405, 1321544500)
(1189052408, 1187136636)
(1174124583, 1174124577)
(278486889, 278486888)
(1149052116, 1149052116)
(1173452745, 1173452732)
(1173440044, 1173440063)
(1191453566, 1191453631)
(1161020713, 445088895)
(1173425152, 1173425001)
(1149027137, 1149027134)
(1173452910, 1173452907)
(278486901, 278486900)
(1187070130, 1187070115)
(1149024603, 1159066062)
(1173486900, 1173487029)
(875810812, 1194804874)
(1183684144, 1183684195)
(1158156474, 1158156572)
(1191393857, 1191393810)
(1183641770, 1179847768)
(1167373126, 1149024601)
(1321544525, 1321544391)
(1155513072, 1173486964)
(1155459233, 1155459178)
(1197705247, 1197705241)
(1194766767, 1194766761)
(1149049228, 1149052119)
(1194804893, 1194804890)
(1155459318, 1187136578)
(1183708710, 1183708744)
(1187086212, 1187086255)
(1174116798, 1173494091)
(1192542574, 1192542604)
(1316588132, 1316588119)
(1183721302, 1183721319)
(1183621570, 1183621582)
(449815889, 449815890)
(1321544473, 1321544465)
(1158156496, 1158156580)
(1183684195, 1174116875)
(1321544535, 1321544066)
(1321544336, 1321544252)
(1173439999, 1173439990)
(1183684046, 1183684090)
(1187139259, 1187139242)
(1185825687, 1185825697)
(1173486987, 1173486863)
(1321544160, 1321544067)
(1173452869, 1173452776)