7
aeroway=aerodrome
746
212750338
1116377094
626014214
1158248454
1135566859
27093005
1135566862
1116301328
1116301330
1116354580
1164312597
1116332054
1131094042
1131438109
1131096093
1138290720
1177804832
205121569
1162373155
1131188261
291133482
1116196907
1140138029
540139567
1140076593
1138290741
333652032
1144815683
1153886280
257290318
1122265169
1131096148
1120180311
1176965208
1122265175
1337968730
1123989592
417024093
1134544991
540139616
1153861727
1130897506
25831523
1274615910
1137561704
416014441
1122269292
888678510
593889391
1130897520
1138290800
205324401
1087174771
430420085
1128851573
1135818874
1128888443
1141440635
1116196987
1131438202
1129605248
1128755333
333652101
778098822
419649671
416014475
443011211
1141026955
269275286
256067739
877213853
877213859
1284227238
268439721
309821610
888678569
403165356
1135454384
986704051
256673972
1134678195
1151975611
1128851647
1116301504
233085124
889528517
256331974
25876679
625983697
877213905
850979029
259111127
1153573082
886552795
889528543
69478627
1169160421
1301598438
888678631
888678637
1128851694
886552814
25413874
1139052786
1131188470
1139052792
216269052
417124605
1116332285
484460801
1120047364
1139423494
1158334728
1130897672
1135819016
205322508
1139523852
1138290957
854077709
1163131167
25082145
25082150
886552870
1131188520
1141440817
1194250546
980003124
1158246711
1124149561
687362362
1155500350
1135784266
1135833418
1145360717
1114863964
1153833309
1124149600
1135784289
1125419362
1118308712
1130897770
1153833325
1163919725
1131575665
1142229361
1194281332
333652341
1117958527
1123862916
1134383495
1131248009
221309323
1145360781
1139523982
1177747853
1103348124
256674204
1140017565
877214111
1137463709
1145360801
255740321
1141510566
1122343337
203946413
1131188658
986724790
1106336183
1155500477
203946431
1163868609
1135659459
1153573315
878877125
1089343943
1106336203
878877135
1212357073
1134516689
1212357078
1134363099
470354401
1212357098
256498154
1145360876
293274099
1163919862
1118308856
1153761785
389822975
287363590
207563275
333652491
1124092434
268440082
1135784473
1139524123
1116389922
1124149795
277836325
207563302
877214248
1125419560
25764394
890450477
1116389937
1164309044
311427638
1139524152
1125419581
1155500610
1164368452
25764430
889475663
387480146
1135784534
1134647895
207606364
850633310
333652574
1153571427
1134647910
1194259049
1071821430
1158335097
33360507
890389116
847600257
1134363268
268440201
1131133579
333681293
1164307093
1106403998
1122343585
688974497
1131463331
33084067
420364970
571597493
1119269558
258157245
1151976127
420364992
256334540
1114079950
1030660815
1190099664
1147232978
1134363347
976157396
1135594205
1119292130
1129612002
886977250
424264421
429318893
1117958894
298175216
1117958902
1116381944
591287032
626002680
1164368637
626002685
1131133698
1123863301
1141025552
1212355349
258159381
1116381980
1158247199
416047906
1123990307
689138474
979888940
989207341
470485807
890450736
257295151
1139993393
1138256689
416047926
1147233078
1135784763
950438719
1120611145
890450762
207248204
591287117
1118307148
1130935122
1158247250
1151974230
1132313431
1194259288
1122413407
256494432
1131094885
1162251110
1116246890
1134363498
890450798
354007921
1106336627
1138256763
1164313469
1118307197
1153762174
207565695
1153762178
1145361285
1122302854
1212357511
1118849928
410207114
338246539
1162251151
1163920272
486151057
1122343830
1164405656
1176877976
1093088158
1135784864
1162251169
1126783908
1131094949
298867627
256070574
247114672
689138610
1139993523
257162165
256332729
1131094973
247040977
1116247003
1122550749
1155498976
1153879008
689316832
1130935264
1164405732
258151396
1145361382
1301617640
403164141
1120439284
1128831989
1194337271
256332793
1194337275
689462272
1194337282
269368331
259267597
1155499022
698719245
1139993616
1120041997
1141027858
25082902
1302791195
1131000863
1135784993
1155499045
592235560
1194314796
1181424698
890451003
1069947964
886977595
1143120960
1140053059
1194314826
1131000907
409754702
1116247118
1138256976
986727505
1155499088
1135785043
403160155
1125420124
1158333532
256971871
269702240
26242144
1138256994
689316967
1134363754
1124109418
1132307569
431907954
1132307570
688942197
1122550904
1151976570
688942203
1131000956
1194314883
1138257037
1153760399
1194314895
689390737
890451091
1120070804
1128799381
469812375
689317021
886977701
1132307626
1164405935
1116386480
1131437235
846920885
1118889141
333653175
1122467010
1158247623
333681864
1135498447
247123152
1124213968
1138859218
1131095258
1128832218
1106603232
1118889186
1120439523
256333029
256333031
1122413803
1121125614
1138199791
1135785208
1126763769
1153762554
588502267
1153572094
1135498497
890451208
1148781833
1121125643
207719693
1164311825
25877782
886424854
1128832280
247039258
1122600223
293553440
1128787233
1215178018
890451241
416009514
1106603308
1106402618
203943229
1139979584
1142230338
1106402629
1153406277
688942408
207246667
1069948240
1131812177
429675859
420353364
591287639
403144023
1164307802
588502376
1141026152
1177083242
416032106
1121125740
1135498606
976190831
1116247409
1153406322
1151896946
545580405
382414201
333682042
890451322
1152804218
295603581
25763198
420353408
1117959554
1122600323
1158247810
1116247431
688942472
976119177
890451339
207564180
888677781
1158247830
207615384
291108257
1127052706
247123366
291108262
277835176
689137064
1155499435
1176927668
1118309816
1131044281
1127818681
1106402746
1137454526
1135498686
1215178181
287399369
1127818698
1135498701
417152462
287346129
1155499475
489663957
454653398
1301478872
277835225
419659226
1118889432
489663966
416009695
1118850531
1137567204
1158333925
1164309992
1118309868
1151974893
1118309870
1155499504
1350964729
387792386
419659268
1131095558
257162762
417152528
1131437584
256333331
1176927766
1137454615
1116184088
1131044377
427087384
1143119383
887299612
1118309915
1116184086
548681249
1131095587
1120476707
582778407
1120386601
1116184106
1141440053
1141067319
377191993
1131001403
1141067324
512572989
1158248000
1141067328
476417612
1134501453
1199246928
886425175
443010649
1120386650
1151975003
687967842
1152804454
470478439
1141509739
1164406384
30078576
1151897203
1142230647
1206843000
886425218
1194329732
1141509769
1158248077
1118015118
1141524118
1141509787
886716060
1134501531
877213342
1153760933
333653671
1240465069
1116391088
1141509812
986685109
1142230710
887299767
1137561271
247113399
310165179
1118015165
1141067454
1240465090
1116180169
315258571
1127702221
1141067471
1145528018
470353848
412251863
412251865
1138249433
626034396
1116215007
1131044577
1117990631
1206843112
548738795
1141518061
416818927
1206843119
1120507632
1120507636
245931770
1116391162
1240465148
1135453946
1131044603
416077567
886425348
1141067529
888678155
416077580
1164349200
1134677776
1158285076
1140926229
1141509911
1137561367
1144882970
1302849307
1135453980
1104951068
688975644
1153861407
1141026592
256673569
1145528105
1141440299
593854252
886425391
1162372916
1131044662
287354678
886425401
1116301115
1116301116
1141026623
877213504
1131044673
1116331841
1116376900
257294149
1116301126
1122316104
1155499848
256583499
1141440331
1151977293
1131218766
1124179793
1122316115
1140076376
247179097
207720283
1119201120
1131095906
1182482282
1131218795
1158285169
1138939762
1116712820
277831541
1155499894
1153861492
1158285181
1106405248
1155499906
886222727
1124179847
1120026506
1074227084
1162373004
1169094543
1140137878
333651869
1120534429
1087174562
1141067685
1116712872
1117990826
419706794
239650731
1145507758
1140076466
1180411831
1131093943
1180411833
1117990842
1116377019
470353851
1138902973
207562684
419706812
1141510080
1140187073
580906946
1130897347
1131044800
443013061
431896519
1127780296
1120534474
389928907
420325325
1128853455
1130897361
420325332
1145528277
1131044826
1026410458
1116331996
1116354528
1194293228
1350944759
1131044858
382410749
1162373118
1131575295
aeroway=gate
746
239650818
1130934279
1170423817
1135566860
1135454223
1131044884
333682710
1120122902
1120026648
1116301336
1153832989
1116301346
1131094051
1140076580
1131218984
1120026667
1122277420
1143119916
1143119925
1162250295
1122263099
1117958207
1144815683
1134678088
1128755273
1131219021
1155500111
1134544976
1116713040
1140138063
310163539
1122263124
443009106
443009110
1122269274
1131575390
256067679
878876772
1274615918
1129605231
1141067887
1116196983
1116301432
1123989631
1131575424
1153861760
177205378
1212356740
1141510283
778098828
1128888461
1135454352
1151975572
333680789
291133589
443011221
886552734
1142229151
268439715
1141979300
1122689189
1153886375
269275303
256673960
333680816
417001649
403165362
1153833139
33364148
69427381
1135818938
1153861823
1131188416
1135454405
1131247814
1116354760
1116354762
1124149452
1135818956
1120047312
1140521168
1153573077
1153833174
1131575512
720689375
1120030946
985948387
1141510371
980003044
1135784167
330369258
1131575533
1120123119
239651058
1127123195
221298942
1135567102
1158285568
1145516289
716876030
625983749
591298822
1164312840
889528585
1274614026
625983753
256067855
1122412818
1135819026
1153833234
1177805077
980003094
1114913047
1153833243
877213980
877213979
1116301601
1134383397
1194338599
1126816043
1124149555
470343991
1118308664
258132282
1139052862
980003137
886552904
1153833291
1131575627
877214029
494152013
1134383439
1131575630
1153833297
1134545238
1131188570
1069990236
1143120221
1140017503
1131575652
417001831
1117958504
1122343275
1142229363
1135784307
986724725
333681020
1155500415
1141979521
417001860
1158246793
1134545295
1194281359
1194281361
1177747858
1127082387
1131219360
1194240417
1153833382
1141510567
544485800
203946417
1106336180
1137463733
1124149686
1131094464
1134363079
1153573326
970801143
1135784404
247036371
196159968
1139524065
1114913254
1153573351
1139423723
1116160493
1124149741
1116389871
889475569
1126816242
1158334961
1138917878
1122646522
1123990010
1120020989
256582144
1089344002
1119291908
1155500549
571595272
267799053
469803534
256582161
1194250775
890389016
1138891288
1153571354
1338907162
1194179100
1141510686
1134418463
1131248159
1071821345
1117958690
1119820329
1116160558
1272271407
257059379
1158335029
1114913335
1135594039
256494141
277836349
1164368450
1116389954
1119820358
247114323
688009815
1163919960
1142229598
1069990497
1131463265
333652581
1138174566
1131133542
1142229608
1162250857
890389098
1117958762
1212357228
1194259049
484731503
293278329
1134363259
470485631
293278339
689316487
1163131528
890389130
1138299534
890389139
1132313240
1131133595
1134418591
33084068
689138340
1190099624
1153571501
1117958830
1119292086
1135833787
1118849726
626043583
1130904257
1194222276
1153573574
1138256594
890450642
1134418643
626002657
1118849763
890450662
287349479
207721197
1123863277
1141027569
1129612017
1139053302
1122413303
207721211
25877248
1071821573
1194222343
890450696
595225355
1194259219
1116301303
1151974167
1138256670
416047903
595651360
1162251041
494437152
1135784742
626002732
1116734254
1119292214
1194222391
1138256697
257295163
1194251069
1122466621
1139053375
591287101
1142229826
1117958978
1330469701
287359823
1118307159
1132313434
1120090971
1119820640
1132313442
1119820643
247051111
970754921
1135784810
1176877930
1138275178
1145361271
1135784826
979889019
1134363516
1177793407
890450816
1176877964
256068492
257665948
1130935197
1125419934
353811359
1158247331
1212357547
850719664
1176878000
1163920309
1122343867
417037244
1162318785
688022469
1116246982
1164405703
1122599881
1138275274
207569870
1122599887
1122599889
945456082
1106404306
418042837
1158247383
247114712
1116386264
850719705
1177793500
847277021
1131248606
1155498975
889480159
1135784929
1135594469
1158247398
416828394
1134363628
1164405743
1122343920
1134363633
689462260
470608897
1151974402
890450947
333440005
1138924550
1124109321
1125420043
1120439312
1131248659
689462295
1164405790
1194314788
1132307493
1125420070
1122413608
1116386346
269702190
1116386352
207250485
1134363701
1153760322
1131437124
1128885321
701191242
1135498313
1134363730
1138256981
701191254
1126763605
986692699
1302844508
1213123675
1139901531
1131134048
1134363747
257059943
1141392493
1138859120
293280880
1116697714
277830770
1183566969
1131248766
1138859138
27092099
1116386434
1122600068
1124109446
1145361546
1124064399
890451090
1131248790
1135498390
1124109465
1119280283
1144618143
1128832163
886977701
1122303148
1183593646
1138244786
1141392563
1137454265
1148781755
1162319036
1151974589
1130935486
1116386493
1130935488
1120507077
1194230981
1131248840
846920907
1194230993
847277266
1152031955
262370517
1106402517
1122550997
1116247258
1130935515
1151896794
689622237
355009758
1120042209
333681891
1122551015
1171010795
877214955
638334189
1120439534
1122430190
1158247664
1135834352
1123843314
1127767281
1131001081
1151976697
1127767289
1126763771
1152804091
1126763774
1152804097
1337971970
890451201
850867462
1148781833
25877770
1122600207
1121125652
1118889240
1116247338
416009515
1135498539
1120507181
1106603308
1137585457
1138859322
1155499324
29941053
1194270017
1145527620
256335176
1151896906
416032074
1124042060
1139901773
1153406286
1151974732
291128652
1131812176
1152032082
1155499350
1120507227
1164307804
1213529439
470478175
1130878306
419691875
1121125736
1131044201
954819946
287425901
1127099760
1153406327
1139936633
1140925819
1127052668
1143119235
1159493007
69404048
1127052688
25877906
1155499412
257293716
247039382
1117042071
1119241622
287425945
1127767461
205329832
218009001
1135498666
1206842800
877215157
890451383
688942522
1106337210
1206842811
344686021
1143119307
1134654924
299470292
1135422934
545580506
1137454554
1302851040
1134376424
1127818730
1139936746
1151897068
877215215
1186469360
1158333942
1122600439
1141067254
1155499521
1141440002
1026407938
1124052484
82779654
1164406278
484701704
1122414090
247178768
417152528
1350964754
1206842898
1137454613
82779671
1151897112
1158333977
256331290
1117959707
205413911
1140925983
886425121
277835299
355024421
1127818791
582778408
1250250281
1127818796
25081388
1153572402
27590197
82779702
1140186686
1151897150
582778430
689137228
1116712525
1302785617
1087174232
355020380
676822621
676822625
1140926050
1106404964
1134501480
1152804466
82779764
1135453813
688975479
1158248057
1130933881
1141509773
1130933904
1302820499
1139936915
1139936918
69396119
877213336
1137561244
877213340
254940830
254940831
1151975075
1141440165
417152682
1144882864
258148020
1116300981
1240465078
1158248117
1144882873
1141440185
1141509819
1117990588
1194329794
247123660
416077520
287368915
1137561301
245937881
1144882906
416835292
491482845
429203165
1153406687
203921120
689463009
1021548257
1153760995
1124179680
1074226918
1117990637
1120507630
1141067502
100280046
1164349176
1131044601
1118850810
1131095804
1206843133
1212694270
1194327808
277833477
256675593
245937930
245931787
1127819024
1087174417
888678162
476417811
1140926231
1158248215
1144882972
1302849309
1134399261
1104951072
1145528097
888678178
416077603
886425380
1153406755
333651746
1144882992
254940979
100280118
256493367
687935291
1120022332
1134677824
777043777
1206843205
1206843220
1116331862
1121134427
331628380
582518621
1116196710
1155499885
258148208
1121134449
1164349298
1116301170
1153406837
417152886
1158285175
1120507766
1141067642
1120507771
1074227068
1087174525
247179133
590806911
1182482303
1164310400
1148841858
1144883070
659994501
1142228878
256583571
256493460
1116196762
1116376990
1153572766
1162250148
256491430
1153761190
382408621
247037873
1130897331
416835510
1153832889
1120110522
1194293185
980010946
295591876
82780101
1141440454
1141440457
1182482380
1117958092
1158285266
1158248404
1116354522
1124179931
1155499996
1162373090
416018403
1120180199
777043946
333651946
1117890541
1153832942
687935471
1116354547
1134678004
1176965111
1131575288
416835578
1141067771
1140076540
1155500029
877213695
aeroway=terminal
746
333680641
877213697
416018435
245929989
1148841994
1121134602
1141026830
1199247374
1137561617
1121134610
25831443
257665043
877213716
32266265
494450714
1164308509
877213726
1131188256
205121569
1141440546
333682722
1131575333
1140017193
733181998
1140017198
989206576
416014385
1138290736
1123989555
1131044917
1116196918
1119834167
1116354623
1162319937
1141026882
416014403
1337968707
1128755270
970766410
1137561679
1117958224
886716495
1128888407
1337968729
1153761370
1131094108
778098784
1122263138
443009123
333680740
1135454311
1140138090
1138290795
688975982
1116354672
1116354676
310163577
1125419130
1131044987
1169160316
255742079
1106346115
389957764
1129605252
255740039
1135818893
69398670
985948301
754131089
1141026963
247124117
247124119
268439705
256067743
1151977635
1162320036
1122277541
333682854
1153833127
256067750
309821611
1212354733
886552755
1130897593
1128851642
1135593660
1124149436
1138290880
256581826
1138290885
418519239
877213895
1116332234
1131045072
1163131089
1135454419
1163131091
1116354771
256491734
1131045085
1116301534
205332701
1116332256
1140017377
1127123169
416014566
1088925928
1131575528
1124149482
1130897644
888678640
417001715
1189392628
582521076
1131045108
1120047361
889528579
1141440772
256067848
1177805069
1139052818
1194240279
1134516509
1135567134
580276511
887097634
430262565
946080039
1158334767
1153833264
1135819057
1194250547
1135819062
1114913082
1130897726
847110465
1134516545
1131575623
1123989831
986724682
1135784269
887097678
1194240336
1145508179
1141027155
847110494
1141440864
1131247973
1141510505
1131247978
1122343276
203962734
69450100
1142229368
1118308729
1163131260
1131188605
720689534
1139052927
1131094400
1158334848
1117958529
1131248002
1145508230
1128755592
1118849417
1138917770
403159441
1164310931
1124149652
1141510558
1134516639
1194228128
1141027234
659577256
1187957160
246763948
409743790
986724788
1120180665
1131094464
291135942
1118308806
1153761741
675987920
1131248085
256582102
256582103
1194258902
1123863001
1145360858
1122343387
1120317916
675987930
1128755678
1158246885
1158334950
1135593959
1194258919
986730986
1135593963
1118849516
1135593965
1194228206
1131188721
1134545394
954808820
470651380
205335031
583322108
1120317956
287363589
1134363148
1120180749
1122343442
877214227
1194250775
1162250776
1135784472
1135594011
1155500578
1127082538
259267115
1069990446
1131463227
310161981
1164368446
1139524160
1124092487
1145360973
890389069
1116160595
1143120469
672404058
258151002
1069990495
1142229599
207606367
1158335077
1139524203
1071821421
889475697
1116734070
207719030
268440182
268440193
1116734082
1145508486
258155143
583928457
1069990544
333652624
989207189
429333144
1135784601
1194250907
1142229661
626043551
1122343585
1116160677
1116734118
1117958825
1131133609
27105962
1131248300
1135833784
1162250942
258157247
256064195
1158335178
1071821515
976157389
291117774
1138256591
1164368594
1030660820
1194250964
675932888
1164368605
877214430
424264414
1212355297
204993252
1194306277
1123990262
291117821
256332541
1131094783
1071821568
689621761
1137576708
418042637
1116381966
1301480205
259103501
1158247185
287349522
424264466
1142229780
1151896342
291117850
1132313370
21433121
1212355368
1138932524
1132313395
1164311354
1151896382
1181156158
1194222408
891095882
1131248459
890450768
1138275157
1138897754
1158247258
1116246877
1176877918
1116734303
1117959013
1130935142
1123990376
1141027689
1116246890
1330469741
1135612784
1106336627
257665908
1119292278
1118849913
1120181118
203948927
256492416
1120611207
1122550668
1162251151
1106602896
890450833
1135784856
429196188
1131133854
1120052127
1131094943
1123933098
1212357547
495522732
1123933104
1126783922
592235446
688022456
1128831939
1177793480
1151896525
1126783956
1120052181
688022486
1116386267
1130935265
27091942
1142229991
1153762283
701191154
1151974393
1116386300
1146217469
689622013
1122550786
1212357636
247114766
1301617678
1131095056
1117959184
1120042000
1183591441
980003857
1128832028
149713962
1140898859
1194259502
255740974
1138859056
256674870
1164307513
1106336826
1116386363
698719289
1116247101
676820031
701191234
1181424707
688974918
1131437127
1132307528
409752649
1164405833
101063754
986731601
1122303059
1132307542
205331542
1181424727
1158333532
1131248735
1116386403
1131095140
1134363749
430244965
1122600045
277830769
976157810
1212671091
1302844533
1127126134
716876921
269276283
1105122428
236082301
1124109443
1132307590
1123904646
1134363785
660487307
1131000973
886977685
259286173
1152031902
259286179
333681838
1128832175
431908016
1164405939
1131095227
890451133
1120507075
1155499205
1152804038
1158247623
890451143
469812421
333681866
1141025998
247123151
277834961
25877716
1302844635
689317085
1116386530
1122430186
1120042219
1139549421
1126763758
1194231023
355009776
247039231
333681920
1155499265
1141392644
1116247303
1134501131
1134501138
30043412
1153406228
1162319125
689622295
1137454367
1120439584
1137454370
1141439779
1152804134
1135422759
256073000
1139936559
1121125680
1137454385
1142230324
420353333
890451261
1117959487
1127818560
1135633728
1137585475
1142230340
1130935621
1137454409
1301519690
1130878285
1124214097
1122600273
1166662996
1152032088
689462619
21433692
1158333788
1141026145
33078626
1106404707
1215178084
1137454435
1141439846
890451303
1124052330
1134501229
1151976814
1134521714
262253943
1187958144
1120361856
1117959553
382414211
376802692
416032134
1138830727
1131044231
259288458
1194319243
890451347
430429590
887299487
1140925856
1159493031
580824489
1142230441
247113131
1117042092
1127099822
1140080054
1153406392
1155499449
204991930
1118014904
1197335997
247037381
1152804294
1135498701
1151974862
1138859472
1131437522
1140925907
1153406425
415802842
1135422940
1302851042
1135498726
415802855
877215211
1141067246
287397361
1350964728
417152504
687967740
277833214
247041534
247123458
1130878468
1122467332
1164406278
1194186247
1131437577
355024395
1141067279
1176927766
1123890711
1137454615
849626652
1118015007
1118850591
1164406308
1302785575
1141509673
247123500
1127818797
1120476718
1206842927
1152804400
1117042224
1131001393
1118309932
1164406324
1106335284
1134376506
1120476736
1194327619
355020355
427679304
701193800
82779733
1135498841
1117990494
1144882783
688942688
1145527903
1206842981
416042600
1118015081
887113323
1158248045
254940788
1141440123
1138249341
207718019
1137561220
1138249353
1194327690
1124179593
1137561232
1158334096
1120507539
1137561236
1151977117
1158248104
1117990569
1118850730
1141509803
1141067436
1119200936
1118850741
1135453880
1240465085
1164312255
1181245124
410693316
1127110343
1138249420
1118850772
257162967
484402910
1116180195
1116196581
1206787819
1116391148
207562481
1120507637
689520374
1135453942
310165240
254940929
1127819014
1144882954
1141067531
416077580
1137561360
1130897169
1116215058
416818963
1158285075
1145507607
1135453980
1206843166
100280100
1116180263
1121134382
1144882992
886716209
1131044663
287369015
955100984
1135454013
1141440318
100280133
1021548358
333651785
591288138
293283659
1106335566
1155499861
886425432
538017626
1148841821
417023846
258156397
1116376943
258156403
431896436
333680499
1116712820
1158285179
1144883067
1151977341
1206787971
1145507718
1153406854
1116180361
256335754
1117990793
1153832841
1131218826
1194293134
1138939791
1153861521
257664915
419706771
1145528213
1194293142
1194293143
1130897301
470536089
1153832860
989206430
1116331934
1140076448
847882145
688943006
980010918
1153832871
333680552
980010921
1130934183
1130934186
1116354476
256583590
590806958
1116377005
1131757480
431896509
1116712895
1302773696
877213633
1134399424
1137561547
333651916
1135566799
1141067729
1116215250
1145528275
1116712914
1145507797
1141440471
1135454168
1026410457
416835548
1153832924
1131044829
1169094624
848517089
1148841961
1148841966
1117890546
1143119859
1194293236
416018421
333680628
416835576
1116712953
1153861629
29941758
1135566847
aerodrome:type=*
746
1134678020
1131575300
269277192
1120026636
1127780366
1135454224
1131575315
1153832980
1116377113
1137561626
1138290716
1138290718
419706914
1155500068
1128755237
27490348
1140076591
430420017
1116301361
416018484
27093046
1158334519
1141067838
1116354622
419706943
1134399556
747534410
1131438156
1162250319
1134399574
1140017246
330176616
416018537
888678504
1122269288
416018540
1116354672
1131094133
1153761406
1158334594
69312645
1128888456
1284227215
1122689170
1284227219
888678548
1153886357
1153573014
1128888473
333652124
1153886364
426059932
1158285471
419707041
1139392676
1158285478
1131575467
1350965419
1128851633
1134678197
494450870
1141979318
1135784123
1138964668
1212356795
353992895
877213888
1153886402
1126815938
1135818950
1153861834
1122277580
256491725
1117958351
889528529
1158334675
1116301527
1138290907
245930205
1135784162
1153886436
256053479
1135454440
330369257
1131575529
1120030953
1153861870
216269042
716876019
889528564
1153571058
1274614002
1155500279
315261172
417001727
207581439
381116671
1158285569
1301598464
1131575556
888678660
1163919621
389929223
1155500295
1139523848
1162250498
625983756
333652237
1194240270
1128755485
1131247908
1131575596
355025197
1194240304
887097651
1128851764
1194250547
247040315
257163582
1120059710
1128851783
1139523915
877214036
1128755541
878877021
1128755550
417124701
1141510505
1135567211
1158246764
1134545263
980003186
1117958527
1145508225
980003202
1131188609
416014724
688976260
1194240389
1123862921
886976911
1130934681
1153833374
221309342
295594404
429199783
1131248040
1177747885
1123989933
1163131312
484403632
1131219379
1163919800
32268729
1123862970
1177747900
1114913213
256068029
1141510591
1116160465
1194250708
1120020949
1130934741
1162250711
1163131351
196159968
293274082
1212357092
1137463782
1194228202
470477295
293274099
256496117
293274102
287363573
1069990396
1163131389
1069990401
1141027330
1124092427
267799054
1127082510
1135784466
1145360920
236040731
1134516763
1145360923
1142229535
1164368416
1134363172
1135594020
688020004
1194258980
1139524141
291465774
1069990447
258155056
689316409
257059385
1124149820
890389053
1132313148
1127082561
1134647886
1158333008
1138174545
1124092498
427686484
1143120472
890389081
579797597
672404065
1164368481
1131133539
1231706723
890389089
1190099555
1194191458
1145508461
1190099568
1135784561
1143120501
1138174587
1190099579
1127082619
1138299525
494467717
675316362
1117958794
33084051
1158335125
1135594136
877214362
1131094689
1272064675
626043558
1116365482
970918570
1272064688
1138256563
287345331
25877174
1302807224
1129611967
1134418624
1116160707
1135784643
418042567
333681352
1151976139
1186304717
287369938
1194306259
287345372
1138256606
1131248352
1309960935
429318890
424264427
1135784684
595651308
1131094769
207721202
256066291
890450675
1131094773
1123990262
1135594235
1153762044
1119292157
1194306304
1122646785
207721216
1138299654
1138299660
1131094804
1151976214
1194251032
1122343709
1142410013
1122646819
689519396
1153762085
890450729
1134363438
1147233075
1119292214
1071821624
950508346
1117958970
1116734269
1116382015
416047935
1116382017
1116734275
1131133765
247040840
1138256715
1162251085
1151976271
1138256720
410207058
890450771
430244690
207248215
1116734296
1118849882
354007898
1194259292
25414494
1145361250
1123990393
1162251132
1330469762
1181156228
207565703
387754895
257665945
591287197
1153878942
1162318754
1212357541
1153878953
1128831916
689138607
1180443567
1145361328
1120052148
1139993526
1138256823
353811390
1142229952
1153878978
1128831939
424256452
591287239
424256458
1176878028
1151976398
1123904467
1225386965
1135784929
1135594466
1122550754
1177793510
27091942
470608883
1177793524
470608886
1153879031
689519618
1116386308
1164405765
666340374
1128885271
1183591452
1152031774
1131000865
1164405796
1135784997
1194314788
1117959207
431907876
1117959220
1130935350
1145361465
1128885306
1131095099
1139901512
1118850121
291124306
580281427
1139993682
1153762390
1135834199
1117959258
291124319
877214817
591287394
26242155
1069948017
1121125491
1155499132
1194314877
1183593604
1118889092
1122344071
82779274
1164405902
452981903
1116386448
689462418
287358098
1302844566
1302844571
1026403490
259286179
1302844582
1116386473
1142230186
1153760429
409744559
1131437235
1143121077
1151974584
847877306
1124109500
1128787133
1183593663
1151974591
1143121090
1153762499
688975043
1124213957
69469382
1134363861
1122551001
1141392603
1131588828
1116386525
1106336989
1128787168
1139549411
1152804072
1153762539
1124041965
1164309742
1128799471
1124109555
1126763764
1122600181
1116247292
1122430208
1151976705
389928194
1122600197
25877766
1152804103
1158333703
1130935560
256582919
1120507142
1121125648
1337971985
25877778
1124214039
381127960
1122413852
247041308
255737118
30043429
1131437350
1140925738
1130935595
207283504
583929151
333681984
1152804159
877215043
333681989
1074226502
30043463
1127716167
1122413895
298872138
25285963
256582993
1119241553
287425875
256582994
1127052631
1120042331
1164406108
1118889315
1239143786
1176927598
1159492976
1122413937
1127818609
890451319
886424952
1194190202
1138830715
355009915
1122467197
890451326
1152804225
1120439681
291108229
1155499398
257293712
207277458
259288467
420353428
679347604
888677783
1124042137
25286042
688942491
1140080030
1117959585
21433762
689622435
291120559
291108272
287397297
976190901
1151897015
886425016
1117031865
205329850
205335998
1135422913
418086341
1153760709
433042892
1141439949
1139936717
476417487
25286097
1206842836
1158247893
69305817
1135498715
433042909
205317599
1120507361
1127767522
1158333925
355010022
1153572329
1139545578
688942569
1152032233
888677866
1141439982
887299567
355024362
1139545592
287426043
1120507388
1026407934
1140059647
1140925952
1141440002
1131001347
1106335234
1120386566
333682186
1139545612
1131437584
1164406288
1152804373
1162249751
1120362008
1141026330
1164406299
277835295
548681249
1137454625
1137567268
1141509669
689137190
1151976997
1302785576
434372136
583894578
1122414138
1194327611
1120476732
582778433
1139545666
1141509700
443010634
1120507471
100277844
1137567318
1141067352
1194327642
1137567324
443010652
887299678
1074226786
1120507490
1153572450
701193829
427679333
247123557
379573861
1152804457
1119200877
979961455
1164310127
1155499636
417152636
355020414
888678015
1120071298
1141440130
333653636
887299725
1141440142
1144882833
484402833
1140926099
1118850710
1118015127
207718041
886716058
1181245083
1213370014
1134501535
1116180129
1194327714
1206843046
1301503655
1177083560
1158334126
416077489
1127110324
1116300980
1162249914
245937859
1164308168
1134376652
1116354256
689622737
1116712658
1122508498
688975572
1194329816
1131044572
1240465118
1131044574
1141440226
1116354276
1127818981
1122752228
548738792
1194329833
1116180200
256491240
287368945
730892020
1120507637
1141440251
1134677760
412251908
1139937040
1104467732
258162452
1143119640
1131044633
1140076314
1158334234
1106405148
1120386845
1206843162
1141440281
256495392
1194327834
1148841762
583941923
196173604
1135453980
256673577
1162250025
488765225
287369002
1120180014
1116301103
1140186926
1164349230
1162319662
1151897394
295597876
1141440320
1120507715
207720262
1104467782
1151897417
689477449
1131218765
196173645
1143119696
416819030
582518614
1138939738
403150685
207720286
409751401
1141440362
331628393
1124179819
1153832813
1116301167
1158285169
1301481330
1130934131
333680499
888678262
1123989369
1153832830
344483711
1127767937
1106335617
1141440387
1142411137
888678277
1131044742
1162372999
1123989388
1140076430
687935378
1134677908
1151977365
1158248347
1119834020
1137561510
1182482343
333651883
1141067693
1141510065
333682613
1153572796
1162319806
293277632
1131757511
1162319821
1130897357
1116712910
1131575253
1026410456
1135566815
1131575267
888678380
416835565
1141440494
1144883180
1124149233
1116377073
1135454196
1143119863
1131044856
1162319867
1131438078
aeroway=heliport
746
1121134595
1158334470
878876678
1164308487
1141067790
1131044884
416835610
1137561631
1141510175
1130934305
1131044901
1120026664
291133481
1130897450
1122277419
25831465
1137561651
1337968691
1140138040
1212356668
1162319934
1131096126
291133510
1131044935
1130897480
778098762
1140138058
1122277458
310163539
1145507923
1140076632
1140017242
1122689118
1131219039
1158285408
1131094110
1117958247
626051180
1126815858
730787954
1141067892
419706998
1122269303
1131219065
1140017274
1135818878
1120110721
1138290822
1145507977
1134678155
417001611
1135454353
269275285
177205398
878876822
548675735
291131543
1153861790
1116332191
1120180384
489762977
256497822
1128851622
887097511
1131045033
333652140
1138964653
1153861807
419707057
1093114035
257058996
1141510326
1153833142
69386424
353992888
1128755386
888678584
207720637
1130934465
258164932
1142229191
1153886412
299288782
1138290894
1128851664
1145516248
1135593689
850979033
886552795
625983705
1138290905
1120030939
1177805029
889528549
1130934506
1153861868
1116301550
1106335983
1163919600
716876015
1141510389
1135784182
625983738
1141027069
1158285565
1189392640
889528577
355025157
205322504
1106336009
1194240269
389929230
889528590
1131094288
1122412818
331630869
1122412822
625983768
1118902561
1194338596
1153833253
1131219237
889528615
1145508134
258132281
247040314
1118308669
25876798
1163919678
1194240319
1153833281
476932420
1163131208
1134383436
1134383439
1151975760
1131219280
1153833300
1124149592
1153761629
25876840
877214059
1141510509
1138917755
1141510526
1163131263
1139523976
1135593867
1118308752
221309329
675987857
1143120275
1088995731
1141510551
1155500449
1187957160
1145360808
1114913197
203946414
1131219379
1140017589
1158246838
1162250687
1123862976
1131219391
986730948
1134545352
1194228169
291135947
1123989966
1158246868
1122413016
1122703836
1194183136
207583713
1134363106
1212357093
1163131367
1212357095
1187957225
298873326
256494067
1194228213
293274107
308013571
1122703880
673989130
688019984
469803539
1114913300
1145360920
1134363172
1164368421
1138917930
1338907185
1272271409
1143120436
1194222134
25764407
1124149817
204991037
889475650
1124092487
333652551
849635921
889475666
1162250835
583952978
1128850005
1313303129
1134363226
1228055135
688009825
1158335077
1138174565
1119820393
259101289
1134647913
1163131498
259287661
256332398
1119269485
1134647922
976157300
1190099573
1212357239
33360503
1153573502
1131133568
1194259073
1231706759
1164309129
1117958796
1131463311
1272056468
256494230
1138918039
1272064662
1139053209
1162250906
1158333083
1119820444
1132313248
255740581
376042150
1126816425
1026409137
1141027508
626043573
1130904246
1106404024
890450619
1122767550
675316418
259265222
1141027528
1164368584
689138381
1141027539
1141027543
1147232983
1145508573
424264419
1147233004
1106602735
1194306292
1116381944
890450686
1164307200
1158335233
354018050
424264460
583316236
1116381974
1194222359
1139428122
333683486
333681439
470485792
1153571620
979888934
890450730
1131094828
1143120684
416047926
207270711
1122343736
21433144
979888950
1181156167
1122343754
970918734
1212355407
1106602830
207248211
1122646868
1153571669
976157526
291117918
689138527
69415778
1130935142
1117959015
27491178
203948906
1116382060
1135594354
954989429
591287159
420365175
207565690
1126783870
1123933055
258147214
970754961
1135784850
1181156244
33094553
1135594397
417037218
256070575
1117959088
1118307251
1122343860
353811382
890450871
1138275255
1130935227
1155498941
1153878973
1106602949
1164307399
69354442
257665998
1128831951
1116386262
1134363609
1131133915
1158247402
1153762285
1128885231
416084981
1177793526
256332791
1183591413
1127052279
1153571834
1127052283
1120041981
851010560
1141027840
1194259458
1131000835
416084992
976157699
701191172
1139901447
1194337284
1153879049
1139901452
847277069
256326671
1117959186
1177793556
1141392414
1141027872
1132307490
417137698
1116386343
1106336817
1131248690
1116386354
689316921
430199866
1126784060
1116386370
1181424707
1152031812
1122413642
1122303053
1151974478
1138256976
1194314835
1151896659
25289815
1124109399
1116386391
1124109403
1134363741
1138256989
1135498333
1140898911
1118889054
1106336866
333681765
333653101
1141392493
1194314876
431907965
580281471
1121125505
1126763651
1142230157
256328848
1120042136
1158247577
1118889115
890451101
1121125543
1125420202
1164405932
1301636286
1143121087
1194230983
287384776
1158247623
1213598926
1120439505
1128787157
1127052506
1126763738
1120507100
1122467039
1158247653
1122600166
29940967
1069948140
1181650158
588502264
255016187
417178878
1151976705
1152032004
1137454341
1117959433
1128832266
591287569
1134501143
1130878236
247041311
1116247328
588502307
277835043
1128832295
1120439592
1131001129
420353324
1127052589
1130935598
505812270
1124214064
1135498545
847074612
333681975
420353339
505810237
416009535
588502336
30043461
1127818568
1152804174
30043471
1137585489
1153760594
1134683473
1153760596
1137585493
1131095382
1134521687
688975191
30043482
25285981
1135422815
1194270053
240938344
1137454441
1124042093
1145527662
1123843443
1117959540
890451324
420353406
25286015
1127099775
21433729
1128832386
291120514
333682051
21433733
1127099785
1138830730
1142410636
25726357
1122413976
890451354
1122600346
1124042140
1153406365
888677789
689587615
1170408864
1117959585
1302791586
545580446
256333222
287354280
1139936681
847277489
205329841
417152437
1122467257
886425018
419691961
1127767482
1106402746
1194319295
1151974851
1118014919
1135498698
1153760714
1137278413
1106335182
1152804303
1206842835
277835222
1122600408
1118014937
101060060
1134654943
1124052448
659607010
1140925929
418080234
1118014953
1134654961
1141067253
1164312054
1158247927
1137567226
1139545595
1194319355
484701692
382400000
82779648
1134376454
1116184071
1140186635
1153406475
1158247948
403146253
1162319378
1143119383
1140925976
256347676
1116184094
1162372639
1141067298
582778403
1138216487
256347691
256347693
595222062
1120386605
1026416175
1120386609
1122508342
82779705
1302785594
1295097401
1143119427
1164406339
1153406537
1122414166
888677978
1152804442
1140926042
1117990493
887299678
1152804447
1141067361
255737442
1120507492
207607396
1140059750
1152804457
277833322
1134501483
206169707
1213369968
1119200881
1206842994
1143119475
1140926068
1124179575
1141440119
443010680
1117990519
1138249339
887113340
27590269
1118015103
1141440128
1118850689
1134501506
1152804479
1137454722
688942725
1120071304
1332614797
247123599
434149009
256978580
333653654
1137561239
979961495
886716058
1206843035
1194329758
1141440159
333682335
1122508451
986695333
1134376614
689622699
886425261
1206843058
1152032436
207720117
1301579445
1140186808
1141067448
1117042365
310165181
1153760958
259282626
1137561282
888678086
1144882887
1127767752
1142230729
1141509836
315258574
1144882895
1116196559
1118850770
1240465108
1135453914
239650524
1116391135
296224480
1194329826
1116301033
1206787823
1158334193
295593718
1140926202
1116180220
1116391171
1138859780
1135912714
412251914
1158285076
1104951070
658618143
1141440291
1131437859
1021548327
1158285102
1130897199
1164349233
590806835
1141026611
254940984
287354681
1116376891
1153861438
1155499846
1120386887
82779976
1162372936
1135454025
196173645
426012499
1116354389
1130897238
1135454040
1116301147
1131044700
1140076380
416835424
1155499872
1116301154
1153832804
431896423
419706732
985937776
1141440369
296224626
277831544
1170440058
677341062
495519625
877213577
1130934158
333651858
1116301202
1071890326
687935384
1153572764
1117867934
419706783
1153572770
1153832868
1121134501
888678310
1153832871
239650731
1144883119
247037872
417111991
1158285239
1141026745
1158248376
777043900
416835520
416835525
1182482375
1141440456
877213641
1122316242
1131096022
1131096025
1170423769
1123989475
1026410469
82780135
1153832937
1116196842
1116215275
1131044847
1153832944
1131044851
1131044852
1116301303
1131575288
1153572860
iata=*
746
293277701
1158248453
1141067781
1145507846
291133446
257665036
878876689
1131044882
69431315
1141067798
1151975452
1128755234
257665064
886716457
1140017194
1120026664
1116377134
1131044911
1116301361
1138290738
1125419058
207718452
878876725
295598133
776542267
1142229055
443009091
878876741
1138290758
888678472
277835849
1153886283
1151977548
1144604751
1151977555
1123989592
1153833049
443009116
1128888415
1131575392
1131188322
1141979234
1153761379
25831525
333680738
1130934375
310163561
255737965
1141979250
417112180
236083319
579768440
443011191
1135818874
1129605246
1141979263
1212356740
1114912903
1116215432
419707024
1145507985
1131188371
1135454356
1128851605
291133591
1131219096
1131188377
877213850
1128888481
1145508004
1131575462
204996774
245930152
1176965292
1169160367
1138290864
1134545073
1138290866
1140521139
1130897591
1140521147
333652156
207720637
1131094203
1143120061
1131188418
889528515
1138290882
1138290884
877213895
1153861834
1153886411
1153861836
258164939
1127123150
1138290894
1141440714
1106335954
419707093
625983714
689137893
1194240230
1139523816
1158334697
889528553
1145516269
470362349
1135818992
1128755440
239651058
1087174899
1131045108
1127123189
1155500279
1142229239
256151801
355025149
1120110848
1145508096
1141510404
256493833
1215084812
1134383373
889528590
470362381
287383826
1118308627
239651091
311425308
877213982
1123989790
980003106
1151975715
1139052846
889528623
417001781
1125419322
888678399
1145508156
1194250558
277831999
1145360708
1158246724
877214022
583307591
333652299
1131575628
1120059730
1131575634
1130934613
1139702106
1194258780
376811870
287383903
1120059746
255740265
1139423595
287383927
980003192
256332151
1116301695
1194258815
1194281346
1131094404
1131575687
1153833353
1127082377
417001867
1106336142
257163666
1120317853
1134516639
416014756
256053669
259264935
1114913204
1141027254
293274040
291135931
1135784379
1128755648
1141510598
878877126
1124149704
1118849485
1139524045
675987920
1177747921
420358608
1123989968
1118308821
720689623
205335001
1163131354
1194228186
954628571
986730975
878877152
580276705
1134418401
1069990372
1120180708
1134516712
1119820270
1125419502
1151975927
205335031
1131094525
1134363133
25764352
256582145
1194258951
1026417160
1120021003
287363598
1162250766
25762320
1122413072
688019986
267799057
469803540
268440085
890389015
417002011
1116389919
1338907171
1139053092
1338907174
1139524139
256490029
333652526
689138222
1122413105
1069990450
203924019
1338907188
890389045
287363643
277836352
1119820365
850633296
1134647894
1135784534
890450520
1139524188
25762397
25414243
1158247014
1129611889
1145361011
1138891379
1122343542
1122343553
1131463298
1135594115
688007811
1139524230
1145508486
429333132
1123990164
985940629
1131463328
1141027496
204999336
1134363306
1126816429
1129611950
207719089
1190099634
1123990200
1138256569
1122343610
1158247101
431745726
1118849727
890450625
1162250946
1130904261
1308371656
1138299592
207719116
976157389
1131133655
257293017
1141025501
333681374
1155500766
626002657
1119292132
1194222325
1143120640
1122646785
376042244
595651339
1153573644
1134363403
256066320
1138256660
1134363414
1119820568
287349531
1158333212
1123990301
1145361195
1138932524
595651374
1147233079
1116382009
1134363457
1118307143
207608653
1119269710
1153571663
287359823
256334674
207608664
1116382052
1118307180
486151024
688941944
1138275193
1122646906
583928699
1138275202
1106602886
1163920263
256582534
970754950
1132313485
1138275221
1164405656
418042786
1153762214
1194337191
1122599848
886977450
689138608
1176878001
1135594422
424256439
258151351
1194337207
1138275259
257162173
1162251200
1128885185
484619202
1131133889
850719687
1135594442
1126783947
1326377932
1194337238
299451351
1123904472
1122302936
1122343899
418042846
1122599904
1141027810
416828387
1162318821
1117959142
353811432
1119269868
1122302956
1153879022
1141027828
1146217464
1130935288
1122599930
1138256891
1122550782
689519621
1148781576
1122302985
689138697
1155499019
689622028
1131095053
689138696
259267595
1139993622
1122599961
1127767065
1177793564
1127126050
1301617700
592235560
1164405802
1194314800
1116247089
1120439346
1140053043
416085040
495520822
1138256951
1153760312
279297081
1130935356
1145361469
886977598
258163775
1141027904
1132307532
1119269965
1122303054
431907921
1128885333
1131248727
431907930
976157791
1302881379
1120439395
257059943
1131095145
688942186
1302844523
299289722
1194314875
1126784122
1131000958
431907966
1137454208
1122413701
1139936394
1148781712
1116247190
1141027993
26242208
1134363812
1069948074
1141025964
1120507064
69469384
1180869844
1152804058
1131095261
1118889182
1124007135
1120439520
1122467042
1122551018
291124459
1138199791
877214964
850867446
416009471
292336896
256335106
287380742
82779398
1123843340
1122600205
1145527573
255737110
1152804127
256519456
1124007202
1137585448
420353330
1142230324
847074612
1141439798
429311288
1141439801
1121125695
1152804160
1117959487
1120439623
1151896906
429311307
1137454413
203943246
1139979597
689462608
287380820
886424918
588502359
988611928
1139901785
1122467163
291108189
1127052640
1140925792
545580386
1127052645
890451304
1158333802
877215086
1153760627
689462647
1124214140
1122413949
1127767422
1119241598
1127767424
1151976831
1135498623
355009923
888677764
1194270078
419691910
1123843463
1152804230
1123890570
291108238
1124042126
1158247825
257293715
333653396
1140925848
1131044251
69404065
1141439910
1130878374
1106335147
1118014892
1135422894
1118014895
890451376
887299504
1131044273
1140080052
1123890616
1119813048
256335290
1131001274
1137454523
494407101
1117031868
291108280
1117959616
204991936
1127716290
1151974851
1151897025
33213893
32988616
1135498697
1127818698
1164406223
1127718352
1140080081
759760338
247178710
1118309847
854076889
1137567197
1164312034
1164406254
1142230510
1118889457
1117042169
1140925946
1137454587
1135453692
247123453
1118309887
412775938
1164406280
1194327560
257093132
1158247950
1117031961
1087174173
1140186654
1120507423
1118015013
1140925990
1141509672
1139545647
886425138
1087174197
1140059703
1120507448
1177083448
205020733
1141440069
1206842951
1162319434
1141509712
1134376529
1295097426
409749075
1143119444
207582803
887299673
687967835
888677980
1206842973
1158334046
1118015075
1140926052
1140926053
247123560
1155499632
1140059764
1117042297
1194327673
887299713
688975491
1194329734
1137561223
1117990538
333682318
417152658
1141440149
1106405013
689477271
1116391064
1087174297
1140926108
1141524126
1158248095
382412446
1153572514
1301503656
247113385
256497326
877213362
1143119550
1141509824
1127818946
689587907
1162249936
1140186834
1206843091
1145507541
1158285017
1194329817
291102429
1155499741
1119200992
1116354274
1162249958
416077546
1120386795
1176964852
1116391157
412251894
1158248195
1127110403
417152773
1138859784
1177083658
1116712717
1206843158
1124179735
1151977247
277835557
761225000
1139937065
1206843179
1141509931
1131044653
1162250031
1206843187
1116301108
1143119669
1181245238
955076411
254940989
269276990
1117990719
1124179776
1206843199
1120507714
1153761090
985937734
1104467782
239650631
416819017
196173639
1158248268
1206787918
638334799
1117990736
1141067605
1116331862
1116376923
1141509983
1118850912
689477474
1137561445
955076456
207720296
1131218795
1162319724
1116196716
1138939758
1145507696
1182482292
888678261
247179129
1182482301
1117990783
1116712839
1164310409
1162250124
1194293132
1138939788
207718287
1153572751
333680531
1131093909
1141067670
1153406871
1194293146
1153406874
1131757468
1120026525
1137561498
1153861533
1155499930
256495527
1137561513
419706794
1148841899
1145507753
1182482349
1122316207
1131757492
416835511
1123989432
254941116
1141067710
1117990849
1162319813
389928903
1122316248
293277657
1141067737
1134677986
659959779
1131218916
1131188203
416835564
1158248431
1131188208
1123989488
1141510131
416835573
1162373112
1206788089
244070399
landuse=military
746
29941760
1135566855
333682696
1131044871
1158285323
1142409229
1131044897
1164310561
419706914
878876709
1120180263
1162250280
1122263081
239650860
878876717
1139523630
1116354607
1140076591
1116196914
1122269235
1116354612
1158334521
1134399547
355000384
1153861697
1141067841
1122269249
1153886276
1134399556
268439622
1140017222
1116354633
1122269261
1116332110
443009104
1153861723
1128888412
1140076635
256067680
256065636
1134544997
1272121446
426059879
256065641
416014441
1122277483
1141510252
1155500137
1139523695
416018545
100274290
1116354675
1128888435
1135818871
1130897529
598202490
1158285437
1128851583
1141979263
1128755333
1153833094
232978567
100278408
1116354700
1153573006
417001620
100274330
1128851610
1124149404
256067742
1163919525
1129605291
257665196
233085104
299452594
1212356788
291131574
1116354755
1131045060
1141067972
1116713158
1153571015
1162250442
308009164
878876877
688976080
259270865
1141510354
25764048
625983702
1120110807
625983708
1134678237
1138290913
1127123170
1120110822
1189392615
1114913000
262949102
1158285556
1116332276
877213951
1114863872
1153761537
1141027074
1138290943
1122627841
1131575553
1141068039
716876047
1158334738
889528594
1131188501
877213973
470362392
663894296
1135784219
1145508130
258165026
25082154
1135567146
878876971
1141979437
1153833259
417001775
1120031025
1153833266
1120031026
1135819058
1120059701
1138964796
1130897725
256493887
1130897731
1151975748
1194240324
416014662
1131188549
635126093
1153833294
1060032848
1124149584
1128851794
1026416979
1153833300
1153833301
1177749846
382404951
1106336092
1153833311
1139702112
1125419360
1131247971
1131094372
1194240357
878877030
1117958504
1164310891
659577195
1128755573
1131219323
1131188604
1124149633
1122412931
1155500429
1141440909
1134545297
1338907026
1118308768
1187957160
1162250664
1127082410
1145360808
1141510572
1153573295
254812598
1194228153
1118308808
1122413001
1106336203
1134545355
1118308818
1123989972
1145508313
1141510623
1138917856
1118308835
1212357098
216283632
1131248114
970762739
1120020980
1130934773
1114913267
255738361
1120020987
1118308860
1194222076
1177747968
1153761800
1119820302
1116389916
1134363172
877214246
1134647852
259267117
1141510704
1194179121
583928370
877214261
204991037
25414211
207606341
583952971
1145508428
1116734029
625988175
1228055126
1313303129
1128850011
1164368479
1131248223
1138891361
207606369
32172645
1131463272
1129611889
1131133554
1139053172
295594615
1135784568
293278329
1119820410
1194259070
1155500672
1134363266
890389125
890450569
1194179215
1131463313
1158333073
33360531
33082005
1116734105
403100313
1162250912
548686497
1155500709
890389161
1135594155
1030660780
1122767535
258163379
1153571507
429333178
1153573564
1069990588
1151976127
1030660800
1162250951
1134363336
1116160711
1142229703
203979477
1155500761
1194250970
1135594209
30307044
1125419751
431745770
1130935019
1120180971
1145361135
1071821552
1163920113
1153573618
886977265
333683445
626002681
1131248377
1134363388
1143120636
1153762046
1162251009
1153573633
299498247
1212355336
1164309256
1071821577
333681424
1134363411
1131094804
256490263
257665816
591287068
205003556
595651364
333683494
1116734246
1119292202
1122413355
1169218349
1123863343
626002737
1147233074
1135594297
1135784769
890450754
976157509
1122466629
1194222405
1119292237
1330469709
410207061
1169218393
1131133787
1131248481
1116382050
1131248482
1131094884
1176877929
877214571
1138275180
689621870
877214576
1135612790
1151976314
207565692
256496520
1122646921
1130935179
1122466702
256582552
1118307225
258147224
1213461403
1122550681
1153762205
1122599837
1126783908
1122302887
1118307240
417037239
1162251193
877214653
1153878976
1131133896
256330701
688022483
1119269846
1151976407
850719705
1153571805
1128885219
25877476
1141027816
976157675
470477803
890450926
1164405743
1122343923
660470774
1128885238
1106404344
1127052284
207721469
1145361410
976157699
1118888965
1162318857
890450956
1155499022
1139993625
1126784028
1137454111
698719264
416048161
1194314788
986692648
1117959209
1194337323
1131133998
416085040
689138739
205110325
689138751
689316938
1141392464
256971865
1124109406
1127767134
1128787040
1135498338
1124064362
1126784107
1126763636
1131000948
1152031860
1131095159
716876922
1145361531
1194314878
1183593599
1116697729
1164405890
1180869763
1143121027
1142230153
890451084
1128799379
1118889111
1132307618
1151976610
890451108
689390757
1066425511
1131095209
583929010
1302844595
1116386482
1117959349
291124407
1116386488
1183593658
877214909
1183567039
1120507078
1158247623
1288985798
1140925638
1128799436
667196620
1122550990
1131248847
1120507087
1118850257
1141028051
890451160
1153572059
1137454299
847277277
545580255
1128787167
890451175
1120439529
409742573
890451184
1135498487
333681915
416009468
580281602
1122600194
1069948163
1153760517
1139549447
1152804107
1130935568
591287575
1124042007
1120070941
1130935587
1120439588
877215015
1121125674
1127052588
1152032050
1177083186
1124042042
1152804155
1124042044
493522240
1122600258
1128787272
1130878282
1122600273
1127052626
890451286
1134521687
1194206552
887299419
25285983
416032099
1120507239
291108202
333682029
1127099757
877215089
1155499378
679347571
21433714
887299449
1142230394
420353403
257293690
887299458
420353414
1152804240
1194319252
1135422868
1302791574
1145527707
207615392
247113121
1127818658
1177083298
1106337190
1131044268
1162319277
733181358
1135422895
1123843504
847277492
25286070
1127767479
1162319286
1139936695
1258384827
1127818685
1162249662
1127767487
688942527
433042882
505812419
1106335176
364000712
1206842826
1164406232
1135453657
1158247900
1118014945
505810403
1122467302
1137567207
1302851049
1215178217
259284465
1117031923
259284469
1153760758
1194319353
247123449
1139901950
1131001342
1123890688
1131044361
1162249741
1164307981
1135453711
247178766
889503247
1138859540
1131044372
1158247962
1141026330
1139545626
1152804382
257060383
1118889503
1162319396
82779685
1142230572
887299629
1134376494
1026416175
1206842927
582778417
1120507442
847277619
1122508338
1141440050
689137203
1120071219
236082745
582778425
1137567293
1137454653
582778433
333682241
1127818820
1141440068
1139455558
1164406344
1162372683
1131044442
1141509729
207607396
1140059749
255737446
355024490
1140186731
1137454700
1140926062
256495215
626028146
1118015090
1141440117
207611509
1152804476
1120071293
979961471
986695297
207718017
1139936898
1138249349
888678028
103050893
1206787725
1120507535
207586959
1116391063
207718041
277835419
257060508
1141440157
254940833
1162319523
1120507556
1134376614
1117990566
1087174320
689462960
1131437748
207720121
886425273
333682367
1144882880
1134376639
1164312261
255741639
733181640
259286730
1130933965
1106403025
1141440210
1158285010
1141440212
1138859730
1122508498
1134677721
1141440225
355022564
1120507621
1116391143
635125481
1158334187
1131095790
1135453934
295593718
877213431
333680375
888678138
1141440250
416077564
1127819009
1206787843
1074226952
412251914
1127819019
1162372876
1138859788
1155499794
25081621
689463064
1141440280
1120022303
1153761056
1302849313
1206843170
256335648
1162319656
333651755
1122555693
761225005
955100974
1121134384
1158248242
1120507703
983797561
1153861434
1116376891
687935291
1134399290
256583489
1122316101
1131218759
256583499
1116180300
1144883025
256497496
877213530
1116331867
888678239
1143119724
1124179821
1151977324
296224624
877213553
196173687
1104467832
1124179833
1116376957
1153406852
382408581
1162319749
689477509
1131044743
888678284
1116354454
1137561494
333682584
1123989401
1124179884
1141440433
1140137909
1141510071
1116196791
1120026557
1158248382
1131095999
1145507782
1158285255
1130934214
409743302
389959629
1127780303
1194293204
1121134549
1131044821
333651927
419706840
1137561560
1116377050
1120026588
1145507805
1206788063
1131438048
1120026595
1131218916
1140017128
1141440491
1143119859
1131575285
1137561592
1158248442
1131044862
888678399