100
Hal 869722445 1252224712 07 35 23 7
Carli 365879182 1242512435 17 56 53 5
Karri 807142958 1242512360 21 58 26 9
Earnestine 586735194 1337026272 20 04 22 3
Genny 526997596 1338726411 22 10 43 6
Sherley 462383234 1059564876 02 24 24 7
Gia 208079496 1252224663 19 50 01 3
Luis 875985606 288201996 19 18 03 5
Nathanael 322427383 1252224608 00 39 21 9
Moises 890889854 1337026236 15 26 12 5
Liane 587843053 1337026769 06 34 46 7
Rogelio 738555040 1052938325 23 25 59 10
Johnnie 555078354 1252224720 08 04 57 8
Son 483321446 1337026283 09 44 29 5
Antonia 356865482 1251283229 22 03 21 2
Dorian 246349028 1051964230 06 24 57 6
Brandon 704645048 1252224506 09 46 17 2
Gerardo 959520760 1249745465 03 45 31 4
Theodora 349242056 1338672024 23 09 09 2
Rayford 607741542 1241362657 03 59 41 5
Marian 125319305 1242512374 21 51 53 3
Edgardo 579863770 1337026252 04 01 35 5
Gerardo 983737384 1252224546 07 34 24 5
Marline 772558049 1338688699 18 40 25 6
Gerardo 184238860 1337026590 22 27 13 4
Sean 472233785 1241380425 19 33 41 10
Antone 215993476 1338671959 11 08 12 7
Julee 356020053 1052047814 07 59 15 5
Valarie 353231000 1238429125 06 22 13 7
Moira 286914327 1337026732 05 49 04 5
Easter 996164689 1337026256 23 22 02 9
Franklyn 867990559 1252224550 16 59 25 1
Genaro 956806490 1337026721 03 39 47 7
Evette 791264501 1249745416 22 47 27 9
Maynard 550128084 994629166 08 08 50 1
Jamila 539221682 1054703937 19 29 55 8
Kenda 926694873 402329060 08 59 47 6
Fidel 611195336 1241362663 13 14 38 4
William 425535208 1337026435 21 46 05 8
Samual 351123873 26130480 08 45 48 4
Valencia 180070573 1238420330 17 15 38 6
Buffy 197338257 1338726457 15 58 28 9
Dorian 200008487 1229010132 13 13 22 9
Arcelia 191960561 1338726393 01 19 43 10
Marian 507413863 1338671968 13 39 42 7
Na 165886541 402328958 10 05 40 1
Cleora 959974423 1242959139 14 02 33 7
Shirlene 988090565 1246641024 16 38 07 4
Scottie 918913717 1286223742 02 56 04 10
Genaro 171039526 1249745226 03 49 25 7
Moira 568441760 1338688637 01 28 43 7
Ralph 671987120 1337026782 18 36 58 1
Son 195229847 1286223735 23 44 16 2
Howard 588956079 1252224596 03 30 03 3
Elisabeth 741256584 402328950 18 56 00 10
Solange 311939923 1286223630 05 31 32 10
Marcene 615797072 423840609 15 29 30 8
Deborah 896577525 1242512345 21 47 52 7
Collin 541779250 367604093 06 53 27 3
Antonia 233868302 1337026306 04 27 31 5
Genaro 942880462 1338672123 06 24 15 1
Kenda 136071921 1059564879 19 09 20 5
Thalia 172797625 1229047667 22 59 46 9
Solange 586133731 1338672275 00 38 44 8
Sterling 538517100 1249745525 22 43 35 5
Inell 106888359 1338688401 08 35 48 4
Dannie 900426927 1338672327 18 56 31 2
Maynard 798894057 1251283131 18 44 19 6
Ida 528985231 1249745619 12 29 56 6
Liberty 893390784 1207585871 13 38 26 1
Aisha 699145940 1238411886 02 28 25 9
Angelia 577276227 1251283162 03 43 17 5
Latisha 174971814 1241362481 19 54 08 2
Morton 548697916 1059564843 09 35 36 3
Elisabeth 473248689 1337026301 23 55 49 8
Sean 451050314 1251300449 21 54 24 8
Anna 256431597 1338688269 09 03 21 3
Alexandria 327369722 1251300479 00 59 16 6
Antone 240744565 1251283147 12 51 00 10
Antonia 635000510 1338726335 11 31 35 8
Elisabeth 514379191 1241362712 15 33 56 1
Christinia 349587657 1338672353 14 38 42 2
Alexandria 654166823 1242512328 05 49 46 8
Leana 526645337 1338726411 20 26 02 6
Nathanael 121656354 1338672319 09 43 37 7
Carrie 991926299 1051964506 10 20 10 9
Deborah 930533626 1338671968 05 19 21 9
Ida 921804488 1252224554 17 42 41 6
Angelia 285685898 899126476 13 54 51 2
Ashton 239104366 1338672105 14 54 32 9
Petronila 544997610 1052047990 18 19 22 10
Loriann 203192408 1338672065 07 21 33 3
Maryam 937529489 402328945 00 00 30 5
Scott 936728868 1252224559 16 46 30 4
Ethan 400736976 1242512347 00 34 22 10
Rhiannon 590497790 1251300441 18 29 20 9
Son 369417486 1241374682 18 30 18 10
Maynard 128132639 1252224615 00 53 51 6
Renea 221976231 1229047674 21 24 55 6
Agnus 887885381 1337026369 22 08 29 1
