1000
Scott 790456761 994629135 19 12 14 4
Petronila 394484947 1338726349 10 25 57 7
Veta 589621086 1052047791 10 32 11 5
Olinda 566296199 1238420395 16 45 04 7
Jerald 225393878 402328977 12 30 42 8
Carolann 811832956 1251282994 09 02 06 2
Karine 240418988 288201962 03 07 36 10
Lita 598726415 1241362622 14 22 21 3
Loriann 124508448 1338672141 04 22 02 1
Nicolas 889237369 1338672218 08 34 49 10
Clarence 317389395 1338672142 14 22 15 3
Collin 109516735 1246640863 11 33 38 10
Arcelia 935402328 1052802780 06 09 02 4
Denis 311478803 1286223548 00 54 00 10
Clifford 649319424 1238420447 23 01 07 2
Jeffery 163017896 1338726371 04 23 39 6
Delmar 756970784 1252224526 17 42 39 6
Molly 459447580 1251283351 10 28 34 4
Rigoberto 180583313 275996476 02 30 04 5
Madge 824317461 1338688765 19 00 22 5
Harriette 397154316 1241362595 19 46 01 8
Alissa 158134442 1249745427 11 10 33 10
Hulda 957299207 1338672383 22 10 48 6
Flavia 936386330 423785040 12 33 30 8
Gia 519515959 288201961 05 38 11 1
Lita 663338388 1338726446 12 58 03 8
Sean 323477887 1054703920 13 50 04 7
Ethan 150460365 1338688299 12 18 15 1
Rhiannon 855506400 1238420475 00 54 54 1
Loriann 600305497 1249745252 08 34 59 1
Aisha 131363406 1207544188 00 06 09 10
Petronila 429040548 994629178 22 18 42 10
Cecelia 476888814 1249745525 16 31 27 6
Felton 405781751 1337026491 09 44 24 6
Jaclyn 708587581 1238420326 06 47 04 7
Renea 113418947 1242512426 06 05 54 2
Osvaldo 234163185 1246640870 12 12 44 4
Gaynelle 501348914 1337026434 23 32 18 4
Johnie 766034327 1241362749 14 35 06 8
Edna 643883363 1286223613 02 51 13 5
Antony 328008931 423785041 20 47 49 8
Antony 185293826 1249745483 20 52 59 10
Marcene 862811631 1338672207 13 40 37 2
Solange 451356183 275996473 11 07 09 1
Evette 905965641 1251283128 08 11 44 6
Alpha 423872584 1286223557 07 06 25 8
Jay 681358415 1337026211 09 12 04 9
Arlean 791216623 1109164801 18 13 24 9
Gia 772519511 1251283277 06 47 49 3
Earnestine 137954429 1055447068 15 11 50 5
Santos 803696649 1338726405 06 21 01 10
Alejandro 604734830 1337026517 06 41 25 1
Son 807189769 1251283229 03 06 56 6
Rupert 801177687 1241362578 01 18 35 4
Sharell 899538360 1241362752 06 27 19 1
Jerald 730612061 1338672024 03 07 38 1
Alissa 545579357 1338726314 22 54 51 3
Eda 285190737 1337026570 14 40 52 2
Cleora 279533271 1052802963 00 56 47 5
Rigoberto 912737575 1251283149 13 40 13 2
Jerald 499128983 1051964142 11 41 48 8
Marg 243800690 367602588 15 08 24 9
Shawana 754141468 1241362557 05 21 31 9
Hal 189120663 1052047845 14 03 48 6
Greg 480772063 1052047721 15 12 19 6
Renea 118987876 1241362667 07 28 11 4
Ila 917835855 1242512342 19 17 46 4
Elisabeth 468738295 1337026773 15 20 41 9
Deangelo 844607099 1241362674 15 07 50 10
Cleora 221109771 1249745431 07 35 37 1
Man 584523884 1207585587 15 41 54 3
Hoa 298091381 423840626 22 50 51 2
Antony 146498887 1337026474 21 45 02 6
Dorian 279046153 1251300468 13 10 30 9
Johnie 258941933 1338672152 21 56 04 1
Nathanael 357182161 1337026500 20 14 17 1
Ida 727037766 1241362579 20 51 43 5
Valencia 917984457 1052938423 15 36 31 4
Sherley 416577553 1241362645 09 50 55 10
Belva 368568819 1338672363 15 36 55 6
Clifford 748586113 288201975 23 00 05 3
Jamila 972198641 1242512365 20 33 47 7
Mickey 408342592 1242959121 20 37 36 7
Delmar 333496197 1249745432 14 38 44 9
Isadora 468097574 1337026726 17 56 40 8
Sonya 988271435 1249763063 18 28 34 7
Janell 858362178 899126547 03 10 15 5
Brooks 389217001 1238420428 13 36 37 8
Shery 210340171 1109149473 10 36 56 3
Floria 861183762 1109164801 11 36 10 8
Yuki 963579956 1338726420 11 56 25 2
Elisabeth 335190506 402328965 05 04 57 7
Ethan 861468159 1241362674 04 32 50 10
Man 551727016 1252224723 12 01 53 6
Rogelio 147634245 1286223579 15 56 24 5
Latisha 134131945 1109149441 09 39 43 1
Nicolas 158047276 1337026700 03 58 38 7
Scott 104859450 1337026275 07 35 43 7
Ida 430535472 1242512446 20 44 47 2
Awilda 903573763 1241362680 02 23 08 6
Carolann 756806060 367602597 12 07 02 1
Scott 899744143 1052047846 06 03 24 10
Ida 265587163 1229010130 10 45 09 7
Liane 670459971 402328884 23 07 59 3
Dorian 173601081 1337026667 15 22 43 7
Awilda 738484321 1038409294 05 23 05 10
Patria 217654908 402328970 08 29 46 1
Delmar 199023327 1251300488 22 47 10 7
Gerardo 876942084 1337026395 02 45 14 5
Renea 470726460 1246640877 00 20 19 8
Magnolia 813335453 1249745471 18 41 15 4
Ila 378492814 1286223621 14 07 03 5
Angelia 413852491 1109165007 10 13 18 1
Mickey 938635948 1249745640 12 37 41 7
Jesica 867152381 1251283162 02 17 02 8
Genny 765330541 402328936 02 13 17 2
Moira 743850843 367604088 08 17 38 2
Matilda 357269926 1252224576 16 26 26 1
Nathalie 690245433 1338672315 00 15 04 3
Leana 748540783 1251283072 01 31 41 6
Luis 557690515 1337026468 23 41 41 5
Nathalie 498702164 1051964207 21 12 29 1
Julee 728463804 1246640946 14 05 45 7
Yuk 948058038 1338726313 16 56 41 1
Vicenta 898207751 1252224715 10 17 40 2
Shawana 115012041 1338726337 08 45 59 10
Alexandria 307501063 1242512479 01 09 31 9
William 534968738 1338672050 15 58 42 9
Debi 160458821 1238420468 08 51 52 5
Jamila 699449631 402328916 02 54 24 8
Freeman 871168274 1252224523 19 27 55 6
Deangelo 401391862 1051964343 21 31 01 5
Emilio 400895823 1249745652 23 09 57 3
Theodora 640375878 1238411911 18 34 10 2
Rima 677997530 1338688427 00 59 57 4
Arlean 588902702 1338726440 01 10 38 3
Evette 665008547 1251283202 03 09 00 3
Eleonor 585867652 1337026723 05 33 00 7
Genaro 486560664 1238420243 13 03 52 8
Shirlene 819575023 1249745315 04 26 07 9
Agnus 783388612 402329061 20 28 09 6
Luis 650941740 1109149346 14 38 52 3
Manuel 667400693 1249745416 12 49 41 2
Olinda 178933986 1249745643 19 16 48 1
Deborah 425339209 1252224752 12 11 10 10
Virgie 758431383 1241374683 09 20 05 8
Rigoberto 830483167 1238420266 19 21 59 3
Scott 535326582 1338672398 20 52 53 8
Moira 391524488 1338726388 12 26 02 9
Veta 624386729 402328978 10 08 45 10
Maynard 901559410 1252224683 18 29 20 10
Dorian 856024848 1249745196 02 11 07 1
Manuel 130834288 1338726431 21 30 28 10
Rima 910197578 1337026556 10 43 41 7
Matilda 126195094 1059564705 16 20 37 4
Kyung 216322490 1251300457 23 29 17 3
Alane 562118990 1246640879 07 38 52 7
Inell 137108752 402328908 22 14 27 10
Janae 137560733 1241362748 18 07 15 2
Scott 354731022 1337026292 04 52 58 7
Everette 444052320 1251282934 05 39 23 6
Antony 698256373 1337026326 11 13 56 3
Evette 722034504 1252224718 07 21 41 6
Manuel 510283970 1249745329 15 57 29 9
Shauna 702845520 1337026301 09 55 27 4
Liane 466391007 1249745269 16 51 28 5
Olinda 388287772 1229010148 06 17 02 5
Laraine 282148185 1338688453 06 53 37 2
Justine 973829160 402328900 01 29 33 7
Leana 118860616 1249745590 16 37 26 4
Clora 309907077 1109164309 19 55 56 3
Veta 609993228 1249745611 03 54 42 2
Felton 625294576 1249745635 14 03 25 7
Virgie 419398578 1238420224 09 25 21 2
Louann 120065318 1286223676 19 49 16 5
Raeann 786754288 1241374679 21 30 42 1
Justine 525834280 1252224671 06 31 44 8
Rhiannon 216167535 288201932 23 28 03 7
Karine 357131947 423840613 22 22 06 8
Aisha 423030325 1241362661 11 55 52 5
Alpha 558831238 385747129 16 30 34 3
Matilda 825894021 1207585360 20 54 23 5
Antony 410363396 1286223668 00 08 25 2
William 266594178 1241362564 08 09 06 3
Renea 773219238 1052047989 10 06 50 3
Greg 235661810 1338688330 06 51 12 4
Buffy 721330750 1252224636 08 27 37 2
Belva 111465481 402329042 14 57 48 7
Molly 399213446 1251283158 02 26 30 2
Kenda 105753135 1249745421 11 21 42 7
Rhiannon 551567966 1286223654 08 55 48 10
Molly 705408687 1109149377 09 03 33 6
Klara 412131782 1051964230 01 40 27 1
Liberty 646249412 1251282908 02 31 52 7
Creola 708081702 1251283072 10 51 13 10
Matilda 281885396 1251283216 08 34 32 5
Floria 820772507 1252224490 09 21 35 9
Gaynelle 758751641 402328938 17 37 25 9
Berry 763396069 1241362538 10 35 57 9
Lewis 923568381 1338726431 07 51 52 9
Latisha 930736984 1052803036 17 47 58 4
Agnus 769961854 1052938448 07 59 48 1
Alexandria 513562577 1338726440 00 29 27 8
Deangelo 437205517 1337026354 17 22 04 4
Genny 308574319 1337026281 07 26 14 8
Ebonie 245238213 1338726347 06 56 54 6
Greg 925768187 1249745428 08 40 44 8
Ebonie 491639898 402328934 02 24 18 5
Darci 663127834 1338672367 20 37 27 7
Luis 725680900 1109149458 09 39 51 9
Greg 852104063 1338671957 00 33 37 4
Klara 817091109 1241362711 14 51 43 2
Clora 451019539 423840615 23 49 40 10
Collin 231705989 1241362578 02 29 04 2
An 207530283 1051964295 21 42 13 9
Johnnie 627004675 367604083 14 59 17 2
Easter 445837203 1249763059 23 23 46 7
Jazmine 899567482 1251283336 05 07 57 1
Rhiannon 341358861 1051964297 00 37 19 5
Era 358976984 1338688504 02 26 37 3
Antony 785379712 1242512342 08 43 59 6
Liane 692407184 1338726335 14 41 18 1
Elisabeth 374504956 1241362642 14 54 40 5
Klara 999994296 1251283124 13 23 09 8
Klara 272424634 367602585 09 31 56 10
Shery 535604477 1052802775 22 14 32 6
Jamila 828320690 1286223735 05 02 28 9
Alejandro 554259481 1286223621 04 22 31 9
Henriette 807589546 1251300480 10 06 40 9
Sharell 211347364 1286223670 13 25 46 2
Belva 728973757 994629174 03 39 52 2
Liane 144334164 1338672355 00 00 02 6
Nathalie 491637158 1337026702 13 18 37 7
Carlos 269484243 1246641048 21 56 08 7
Venice 202708649 1051964268 20 05 00 1
Osvaldo 579630707 1338726357 13 22 41 5
Rima 238939521 1337026569 23 24 04 9
Janae 988271190 288195753 01 44 46 7
Marcene 152844425 1052802710 17 55 31 6
Hulda 608004888 1238420257 01 25 37 5
Logan 989886719 1052047974 10 07 16 5
Gaynelle 907121330 1252224468 23 04 50 6
Son 856840686 1286223680 03 28 56 1
Debi 419237271 1337026551 21 42 50 5
Era 984934530 26130608 16 00 27 3
Gaynelle 122800778 1338726318 11 26 35 8
Sharri 729357858 1338688652 23 29 54 2
Aisha 589771533 1249745210 03 46 40 3
Saran 609264444 1207585680 07 17 28 1
Justine 413629456 1252224490 15 51 09 4
Ethan 555920531 1238420349 19 32 23 2
Christinia 331714959 1338688778 00 47 40 7
Ralph 861457946 1337026626 09 31 19 9
Marg 557179809 1051964042 22 24 16 10
Eda 206932387 1338672353 14 28 36 9
Theodora 700608417 1052802726 10 43 09 1
Delmar 206684312 1052802858 13 30 40 4
Debi 441784409 402328723 13 14 10 5
Doug 539472036 1337026435 12 30 29 3
Gilberte 615427261 1337026414 07 51 58 5
Marian 770470523 1337026333 05 47 19 1
Gilberte 739448021 1252224637 17 00 19 9
Sherley 133088327 1338726431 04 42 59 7
Moises 136858570 1238411753 02 40 11 6
Kyung 605233460 1338671947 03 02 49 3
Shawana 156578237 1252224540 22 07 26 3
Gaynelle 112250870 1052938479 04 32 47 9
Jc 914460808 367602544 03 59 11 2
Molly 659375601 1052802784 22 57 52 5
Shery 955605696 1242512417 03 12 41 5
Anna 845643992 1241362481 12 04 04 6
An 986051473 1251282927 02 07 48 10
Matilda 967129004 1337026570 23 40 40 7
Hubert 787616323 1242512332 05 13 44 10
Berry 329929414 402328887 01 04 35 3
Olinda 784009799 1337026495 12 34 48 6
Denis 519841389 25264987 13 39 47 6
Antonia 905351970 1338672083 03 21 47 5
Logan 703400138 1338726341 18 59 44 4
Nathalie 769478660 1338672050 02 13 37 1
Rupert 220654899 1059564883 20 01 56 8
Man 187412951 1249745268 08 37 51 6
Jamila 575228386 1337026725 08 17 38 4
Hal 625590592 1286223534 14 47 08 2
Tod 435918974 899126642 07 09 53 5
Luis 611192336 1249745605 20 04 02 2
Louann 729394662 1229047674 13 41 22 8
Lita 940721315 1337026604 17 01 01 5
Rigoberto 800977692 1242512365 11 54 59 7
Janell 875698782 1109149480 13 54 39 7
Sara 977824794 1249745395 21 14 21 4
Kenda 617703187 1338672319 13 46 10 5
Johnie 856083781 1238411779 03 28 19 5
Deborah 471726197 1286223628 01 09 08 10
Scottie 996770013 1207585401 02 20 27 7
Jaclyn 609869143 1338672265 09 49 13 8
Jazmine 490126886 1238411910 03 20 17 5
Antonia 428831804 288195760 06 58 35 5
Rigoberto 813556459 367602618 02 32 19 8
Nathanael 468575923 402328951 13 27 55 8
Cleora 201644824 1242959128 22 30 28 2
Fabian 900869586 1338726323 14 47 07 2
Evette 526531828 1337026768 23 34 39 7
Sharell 896324724 402328937 16 31 48 9
Valencia 963878211 1338726357 02 22 23 4
Linette 925115581 402328910 04 20 54 7
Olinda 120437868 1238420465 23 52 35 3
Carlos 667174254 1251283156 15 56 21 4
Na 457690874 1338688247 02 31 58 5
Chadwick 801379412 1286223580 08 54 20 4
Neal 410444695 1238411826 23 10 06 8
Harriette 743846848 1207585584 18 11 18 1
Emilio 246463056 1251283257 18 51 56 2
Luis 608085194 1252224688 11 39 36 10
Alejandro 217782646 402328887 14 38 26 2
Matilda 153542478 1338672353 23 13 53 4
Franklyn 902584488 1241362582 06 32 55 8
Morton 995982439 899126620 18 54 10 6
Marline 334049249 1252224660 05 05 15 5
Alissa 414866794 1059564886 12 52 53 10
Carolann 422403843 26130636 00 13 38 9
Veta 618443229 1229010145 10 52 08 3
Raeann 189926805 1337026735 19 53 05 8
Arcelia 455552779 367602606 04 16 36 8
Ebonie 795498855 1337026738 10 03 24 10
Jerald 967169940 1052047962 09 39 54 3
Hal 456082372 1338672211 21 55 01 3
Delmar 175767102 1252224700 16 00 52 4
Rayford 484835442 288201916 20 58 06 1
Awilda 331057912 1241362524 07 57 53 10
Ralph 566259523 1251283079 08 02 23 4
Rima 354527241 1054703920 16 51 46 1
Antony 180471039 1338672125 16 55 36 6
Denis 775462692 1337026631 02 50 03 6
Justine 111155631 423840609 05 26 34 7
Fidel 831549695 1338672178 01 27 38 9
Rayford 157355864 1242512374 12 24 54 6
Rhiannon 449934950 994629178 13 51 33 3
Deangelo 253673039 1338688639 23 03 59 7
Kyung 957564986 1241362602 05 59 31 3
Moira 854416664 1052802980 10 39 54 10
Antone 708061104 1286223620 15 07 23 4
Tula 939765928 1051964374 04 02 49 5
Shawana 284555385 1229047701 23 25 55 7
Josue 786048846 1251283102 07 06 23 1
Talitha 241394606 1337026356 05 38 13 3
Denis 905480845 1286223643 06 41 30 5
Deborah 702750780 1337026554 04 21 49 3
Sharell 366496126 1251283199 04 11 52 3
Floria 139763370 275996473 21 57 38 1
Matilda 767929589 899126589 06 33 15 10
Clifford 976323927 1252224506 13 46 00 10
Sara 536920182 1337026270 22 40 29 1
Kyung 948797055 402329055 10 55 51 7
Son 409428356 1338688269 09 28 49 9
Ila 301527852 1286223731 16 49 04 7
Cecelia 442643125 26130608 11 55 03 10
Virgie 414124054 275996472 09 10 48 1
Howard 350565294 402328963 13 45 55 10
Shery 620723332 1337026626 22 22 50 4
Earnestine 751021064 1252224627 01 24 44 2
Margene 349979736 423840615 20 17 17 6
Solange 263215147 1338726443 06 44 48 4
Thalia 380278315 402328921 21 24 11 7
Liane 224340843 1054703910 16 48 44 4
Marian 815686248 1207585871 15 34 32 3
Olinda 441124396 1252224603 07 54 30 1
Simone 617112134 1242512331 14 34 22 6
Jaclyn 237653565 1338672363 14 07 48 2
Logan 231360017 1052047876 10 31 57 7
Edna 845924768 1251283274 03 36 39 1
Janell 434225882 1338688504 15 03 56 7
Santos 719765963 1052047761 05 14 18 10
Johnnie 289115746 402328905 12 30 23 3
Dorian 404964531 1252224650 04 20 46 6
Son 932564546 1241362718 13 21 49 5
Gilberte 889248829 1251283277 03 24 36 5
Nada 709893449 402328943 03 34 01 4
Anna 730446697 1338726340 16 33 31 4
Tula 961047557 402328885 14 13 49 3
Gia 259927341 1249745174 02 59 52 4
Dannie 317552259 1238411904 08 54 10 1
Linette 553715760 26130642 18 13 40 2
Gilberte 915540042 1241362656 12 02 20 5
Dannie 904634530 1338688637 17 10 39 4
Fidel 840129549 1241362741 20 35 45 9
Nada 960645758 1051964328 16 05 23 8
Ila 353882427 402328901 04 06 38 2
Henriette 320541952 1052047949 10 19 23 5
Jesica 593620708 1338672288 18 12 51 4
Alejandro 976354454 1052802990 08 22 23 4
Osvaldo 667717105 1251283121 10 15 26 9
Marline 151250723 367602544 08 39 11 6
Johnnie 108186720 1251300439 08 47 31 6
Thalia 650322550 1252224757 13 11 33 2
Delois 480651010 288201969 06 54 20 5
Scottie 658059753 1242512376 20 06 40 6
Antony 992820012 1338672045 20 10 59 4
Jazmine 261150599 1337026772 20 27 34 1
Ida 866364413 1051964276 03 40 40 4
Angelia 955429631 1249745422 01 15 33 4
Shirlene 578967783 1337026587 06 22 12 6
Kenda 694608215 1249745592 03 55 24 4
Sara 211558248 1337026518 14 43 08 6
Jeffery 929631235 1337026436 02 26 46 2
Elisabeth 144092677 1241362579 12 31 50 4
Bradley 301575276 1251283142 05 36 59 6
Tod 223274806 1338672315 06 23 41 2
Isadora 422956084 1051964606 06 53 17 6
Cecelia 520153709 1337026408 18 54 41 3
Morton 575149469 1337026227 23 30 12 1
Carlos 433041360 367602647 13 43 22 4
Clora 239234552 288201991 00 19 11 3
Ralph 660349396 1337026316 14 41 29 7
Arlean 949256407 1242512376 04 46 29 2
Era 106861761 1059564879 11 25 06 4
Ashton 162136093 1251300457 07 29 11 6
Delois 132275604 1249745586 03 17 35 5
Gia 649354851 1051964562 20 35 40 8
Rudy 686719950 1251283172 16 49 34 9
Angelia 851444354 1338688753 12 36 38 3
Magnolia 477681311 1252224756 08 06 32 2
Brandon 650089006 1241362654 12 52 25 8
Eleonor 796540427 1241362654 00 30 20 1
Gaynelle 663408503 1337026517 04 50 37 10
Klara 950866584 1207585454 23 25 10 10
Fidel 670782754 1238420451 03 30 05 4
Virgie 425139754 1052047928 01 42 39 10
Nada 493091801 1051988596 11 29 36 8
Edna 732717447 1337026629 05 01 13 9
Clora 775570225 1241362588 16 51 57 6
Eleonor 108190689 1337026630 03 41 23 7
Anna 260683711 1242512475 02 36 32 3
Moises 999929777 1251283134 12 17 04 5
Freeman 986764802 288195823 13 37 57 2
Brandon 227904563 1338672047 20 09 13 6
Leana 952953443 1252224663 06 46 42 2
Tula 706516081 1242959158 17 51 01 10
Anna 893545619 1338726408 10 20 11 3
Carrie 838081460 899126689 08 27 22 10
Moira 989668102 1241362744 08 21 56 8
Renea 998012937 1338672032 00 02 59 5
Moira 888675486 1252224537 02 46 04 5
Brooks 192563044 402328913 10 03 20 3
Ashton 164788706 994629150 17 44 18 8
Petronila 451692142 1238420407 14 55 38 3
Antony 245905534 1109164309 10 33 46 6
Harriette 239512786 1337026301 23 41 47 7
Freeman 930652001 288201976 12 19 13 9
Chadwick 801225470 1229047708 00 38 19 7
Ida 527344299 1249745479 11 01 47 10
Denis 987407561 1242959120 20 21 01 6
Chrystal 512664899 1286223742 14 56 34 2
Everette 536778206 1207585464 04 02 55 3
Simone 355061990 1051964394 13 56 25 3
Antony 640365766 1338726374 10 15 53 7
Jerald 655584299 1337026573 05 54 48 1
Liane 167372827 423840611 01 16 52 2
Lewis 857354493 1337026249 00 45 46 3
Shawana 876029054 1052802775 00 20 18 1
Kyung 877647918 1337026433 00 55 09 5
Moira 329855884 1286223620 10 29 07 2
Carlos 810475129 1338688590 13 34 25 3
Vicenta 657553385 1241362748 10 23 58 10
Rupert 117876623 1241362713 03 05 15 2
Liane 899024517 402328883 07 25 58 4
Simone 703750547 1338672216 09 46 12 5
Jerald 693596991 1052047814 00 09 09 9
Danita 739984211 1337026750 08 03 53 8
Lita 146526059 402328987 07 54 04 3
Sherley 518569425 1249745611 21 47 52 5
Alissa 844039590 26130631 20 02 22 2
Kenda 326463637 1241362647 23 55 18 2
Jesica 956821169 1051964297 08 52 09 1
Cecelia 503506839 1338672143 17 05 45 6
Henriette 182348534 1249745678 15 03 39 5
Franklyn 573066849 1286223680 00 32 31 3
Kenda 621740976 1337026330 02 29 35 4
Louann 291603679 1241362654 12 30 12 4
Alexandria 327145089 1338672167 20 46 24 5
Deborah 201649469 1338672333 13 48 40 8
Rogelio 439467290 1242512477 14 40 01 9
Rupert 692906662 1052802710 12 13 29 10
Hal 337684686 1238411820 07 37 37 7
Curt 232557063 1337026568 10 48 28 4
Tula 938732797 1338672150 06 57 40 2
Felton 992575961 1241362561 13 28 54 2
Julee 748816040 1052047736 15 27 55 4
Berry 717719308 1338688269 20 28 45 5
Franklyn 658043933 1251283194 06 07 05 9
Valarie 407615297 1238411828 00 56 33 3
Scottie 847263264 1052802780 23 42 11 7
Kyung 826124186 1338726438 06 48 33 3
Genie 698528681 1251283395 09 02 25 5
Greg 865656785 1338726421 05 48 45 4
Alexandria 757008737 1249745564 14 41 45 8
Delmar 328723477 1251283124 03 31 20 1
Lewis 571254508 1249745639 04 40 03 7
Patria 654184043 1229010141 03 19 28 1
Eleonor 571319467 1252224742 06 47 06 8
Scottie 658420127 1338672375 06 30 33 10
Bradley 249159874 1252224447 02 02 12 3
Hoa 593938733 1242959128 23 16 12 5
Howard 989219659 1337026629 16 31 51 5
Nada 436651239 402328930 20 11 21 4
Patria 608386718 1337026693 15 58 12 1
Brandon 330722053 1249763053 19 45 34 5
Evette 625120736 367604110 09 31 58 1
Hoa 493224467 1251283126 16 35 36 4
Na 354044384 1251283076 06 26 05 7
Gaynelle 376173631 1249745446 04 21 21 7
Carli 641462840 1051964142 11 14 09 9
Alejandro 535279455 1249745226 22 22 49 9
Alissa 633801869 1052047902 11 28 10 6
Rima 459711773 1251283147 11 54 22 1
Ethan 321263539 1249745411 11 05 21 8
Rogelio 776521492 1337026303 07 51 46 8
Sara 312135247 1286223675 18 24 21 9
Carlos 379740606 1241362628 19 01 30 1
Santos 299535673 1242959168 16 11 59 10
Shirlene 733651645 1238420428 10 23 42 8
Floria 738906316 1249745578 03 30 26 6
Buffy 906826273 1337026702 01 04 39 1
Ila 732141458 1338672395 00 03 21 9
Hal 411882308 1338688778 04 05 01 1
Rupert 316264879 1249745192 12 17 59 10
Delois 161038788 1249745557 01 24 14 9
Antony 874494525 1249745502 09 06 46 1
Rayford 528265625 1051964118 14 49 50 4
Anna 342826175 1252224715 02 50 35 9
Carli 914336427 1242512461 17 26 05 5
Latisha 332281093 1249763054 14 34 26 6
Yuki 480811939 1337026540 19 08 34 9
Clarence 140403111 1052802980 23 53 18 3
Magnolia 767989883 1286223705 19 58 21 3
Era 558442348 1337026542 11 29 00 8
Gilberte 423136808 1338672216 21 36 59 9
Shauna 598801780 1286223551 00 53 15 9
Nathanael 630389252 1052047761 06 21 24 9
Freeman 858962961 1346179416 15 05 21 6
Awilda 491432564 402328970 04 34 17 2
Morton 701378748 899126620 09 15 33 5
Petronila 260544255 1241362529 05 38 16 1
Clifford 308026396 1052047820 20 26 10 3
Jerald 368568568 1338688284 12 17 18 1
Luis 289990256 1238411874 02 20 34 3
Marian 687395182 1249745621 07 26 07 3
Ralph 625159725 1251282916 03 38 18 7
Talitha 836176904 1252224559 19 04 03 10
Theodora 668592127 385750413 01 05 08 7
Creola 368328067 1338688696 13 09 11 5
Genny 319575732 1242959160 01 17 09 4
Clora 430902325 1338672142 06 14 13 7
Angelia 497428025 1241362468 19 01 16 8
Fabian 121599153 1241362612 00 23 32 3
Delmar 417648981 1241362642 09 49 58 6
Belva 581824279 1337026560 16 05 31 10
Howard 527582203 1207585868 14 50 51 7
Carolann 573300358 1249745226 08 03 46 6
Antonia 686582346 1337026741 17 50 07 6
Hulda 366386067 1241362731 10 17 58 4
Valencia 956691151 1337026660 11 09 25 10
Elias 383240641 1052802902 12 00 33 7
Cleora 332888741 1337026316 12 55 16 2
Fidel 674009819 1251283395 17 02 35 1
Lita 965532685 1051964462 18 04 39 8
Genaro 636420014 1251283192 08 40 11 5
Nicolas 197989904 1338672293 17 23 19 6
Rhiannon 991994770 1051964268 01 28 01 10
Veta 296404174 1251300479 18 50 53 6
Hal 442371787 1337026597 06 00 19 1
Theodora 659319972 1338672315 18 04 34 8
Latisha 687353895 1051964397 12 16 18 3
Loriann 386616853 1241362664 16 30 48 8
Genny 305202912 1241362551 16 16 40 2
Collin 821100247 1338688594 21 33 36 7
Nathalie 787616839 1338726457 20 14 24 1
Darci 413662253 1286223709 16 00 27 1
Carrie 726006167 1337026699 15 45 56 2
Doug 929711679 402328984 06 49 16 1
Renea 596215921 1249745645 07 03 21 6
Saran 674666306 1051964180 18 04 45 5
Yuk 622882236 1251283214 14 52 36 10
Agnus 266682016 1059564876 08 52 06 10
Venice 935543036 1251283197 09 59 30 5
Nathalie 647049472 1338726374 01 11 37 3
Saran 925051045 1207585912 09 41 48 10
Linette 791978740 1238420345 11 01 52 10
Deborah 243912270 367604093 18 45 34 1
Gilberte 817677611 1241362682 23 45 53 1
Venice 636019648 402328719 23 30 49 1
Denis 172963377 1338672305 10 50 59 6
Ethan 505102062 26130555 10 48 03 8
Sterling 866546250 423785045 03 08 22 7
Patria 214544377 1286223740 16 15 19 10
Earnestine 554617007 1251283072 04 51 13 2
Shery 265269562 402328916 17 07 30 7
Fidel 637002930 994629163 18 31 56 3
Son 237824860 1241374675 05 28 30 5
Madge 605312197 1051964079 20 26 44 7
Linette 295071111 1252224447 09 44 03 8
Mickey 137990194 1338688284 18 03 45 8
Laraine 385571711 402328889 10 00 44 2
Gaynelle 687814559 1338672385 09 17 40 7
Fabian 453123326 1238411830 14 49 18 9
Josue 554239388 1337026550 06 25 13 5
Isaac 594953936 1055447102 15 15 41 4
Sharell 761319299 1242512324 07 46 04 7
Leana 994751307 1249745302 04 46 19 8
Inell 365930904 1242959160 00 35 59 5
Everette 457979717 1251283336 02 23 10 9
Venice 606650672 1051964502 07 15 35 7
Hoa 323349022 1252224477 10 37 28 10
Magnolia 370742531 1337026672 14 32 50 6
Jc 327423942 1252224508 06 00 04 5
Cleora 239619300 1338672176 09 56 20 2
Marline 782671575 1338672016 07 36 58 4
Liane 160493352 1249763056 12 33 53 3
Carlos 836117434 1207585686 20 01 49 8
Arlean 696031691 1337026723 06 29 19 4
Liane 797184379 1052047826 03 49 26 5
Rima 611359255 1238411761 08 15 03 8
Howard 689087442 1286223714 03 01 41 1
Everette 466059600 385747129 12 22 14 8
Simone 118517895 1286223645 02 03 56 10
Yuki 821015206 1252224594 07 54 17 8
Carlos 113152508 275996473 02 19 14 3
Jerald 982606827 1249745633 18 01 58 4
Rayford 962070464 1251283172 00 11 30 7
Theodora 265344787 1249745622 17 52 21 2
Flavia 769773020 1338672016 14 12 12 5
Rudy 674868240 1338672399 05 13 52 9
Scott 645299803 1241374673 14 59 09 10
Olinda 484617716 26130631 17 13 57 8
Neal 367954919 1252224604 07 48 05 6
Shawana 319765587 1249763054 04 37 29 7
Sonya 942516376 1246640984 19 33 38 9
Johnie 261097489 1337026404 21 56 23 1
Thalia 244219145 1338688504 20 39 04 8
Theodora 209610035 1238411886 09 53 15 8
Edna 563699097 1241362718 02 16 56 6
Rigoberto 886423164 367602580 07 25 31 2
Arlean 224522977 1052047845 17 44 08 3
Elisabeth 421159263 1251283289 20 06 22 4
Raeann 771909520 1251283121 23 46 57 9
Earnestine 602538296 1337026230 15 21 37 2
Alissa 872499323 1249745543 04 18 56 7
Tod 882277521 1109164282 06 25 17 4
Inell 211220093 1251283216 09 41 47 10
Curt 390913102 1338672068 23 11 19 8
Jerald 816008698 1338726457 00 01 56 1
Brandon 328576565 1252224745 20 06 21 5
Julee 778296305 1249745183 20 26 44 7
Fidel 548929527 1249745329 11 29 25 9
Deangelo 781783215 1052047742 02 17 33 10
Chadwick 786876336 1241362647 02 09 34 4
Scottie 740838058 1251283197 16 55 06 10
Man 200116371 1251283247 10 48 44 1
Jeffery 188161523 1249745349 01 39 24 7
Marline 929373979 1109149340 14 47 27 3
Tula 950368871 402328980 21 12 49 10
Christinia 782952533 423785040 00 19 08 6
Sara 670406853 1252224663 03 40 22 8
Carrie 812636427 1052047729 08 27 35 5
Antony 805931157 1051964348 12 40 46 2
Arlean 107473896 402328957 11 59 57 1
Louann 407692349 1338672371 07 06 36 3
Johnie 438600973 1338688253 09 01 22 2
Delmar 776978734 1337026554 05 29 59 10
Molly 777762612 1337026219 20 41 01 6
Angelia 584786544 1338672111 16 46 31 7
Anton 336118946 1338726437 01 55 44 7
Howard 940528496 1252224754 15 57 44 2
Antone 746702120 1337026648 10 43 21 5
Gerardo 155373625 1251283362 00 30 00 4
Brooks 630427215 1246640954 12 29 05 5
Hoa 636586419 1251283287 22 25 48 10
Latisha 377582617 1246640877 12 09 20 2
Marcene 362414241 1241362665 04 58 35 6
Gilberte 580033449 1337026520 00 09 02 9
Carli 113141227 1338672221 17 21 28 5
Leana 828684492 1338672353 19 58 52 8
Elias 360966240 288201990 19 01 55 5
Eleonor 396193572 1052802854 12 03 30 8
Isaac 787388919 1242959130 11 25 09 3
Na 539599507 1249745183 14 52 12 10
Rigoberto 677783946 1207585587 09 05 47 7
Santos 529936827 1251283138 20 06 28 8
Gerardo 370939248 899126520 23 15 32 2
Kyung 133089862 1238420339 06 28 09 4
Ashton 243994458 1249763070 04 06 13 5
Earnestine 591969339 1251283057 19 07 39 6
Eda 281646008 1242512324 06 32 34 9
Shawana 270777541 1249745439 10 42 14 6
Isadora 442506228 1337026540 18 26 40 7
Debi 366568597 1251283119 16 53 56 8
Son 180849026 1338672154 20 31 43 5
Chrystal 983776367 1052047968 03 21 22 10
Matilda 254350337 1251283111 21 04 09 5
Christinia 711402821 1251283130 02 25 49 2
Deangelo 690497678 1052802963 08 28 50 1
Alexandria 943296443 1338671962 20 39 49 8
Darci 942042228 1251283123 18 45 46 1
Awilda 351722047 1337026654 21 36 24 1
Brooks 746838655 1241362732 23 09 38 6
Ebonie 930882525 1241362724 08 57 14 6
Rima 261036867 1338726408 02 25 09 1
Latisha 811853427 1337026292 18 52 17 6
Osvaldo 149977514 26130555 12 48 03 9
Denis 697636416 1338672069 18 00 24 6
Linette 763050419 1286223643 20 42 45 8
Nada 798189378 1337026616 23 44 48 2
Laraine 326852826 1249745406 09 27 29 4
Marian 808570796 1252224726 09 26 28 8
Venice 425331653 1241362579 02 28 27 1
Rudy 870806526 367602612 20 36 05 1
Angelia 843194036 1338671993 23 59 10 1
Jay 316846502 1338688601 08 21 36 10
Sharell 569178849 1338672402 19 50 00 1
Sharell 883450580 1252224523 23 31 18 4
Manuel 428493384 1337026436 13 19 44 9
Delmar 299971856 1052802868 08 06 36 5
Hulda 707115438 1238420359 03 34 17 1
Venice 654962986 402328980 00 31 30 2
Latisha 775851335 1207585823 04 50 10 8
Ashton 598001275 1338726318 16 20 57 8
Ethan 734933138 1252224468 19 47 05 4
Neal 177110454 367602588 04 36 55 6
Talitha 987393135 1251283128 05 38 11 8
Anna 801867539 1251283145 17 27 41 9
Howard 711678106 1337026308 23 22 19 7
Moira 864617262 1337026636 03 48 38 9
Thalia 418714363 1246641048 18 02 55 6
Tod 208496969 1242959175 03 12 30 2
Lita 333191141 1337026491 17 44 36 4
Leana 206178926 1338672293 14 59 49 4
Olinda 412501424 1338672119 16 58 20 7
Angelia 374935090 1246640863 16 08 42 7
Isaac 488102668 1241362691 02 50 14 1
Genaro 200258972 1051964274 04 51 19 3
Alexandria 671369132 1337026562 21 20 11 7
Collin 630773441 1241380422 03 36 33 3
Evette 735258128 1337026750 16 40 50 9
Genie 614563691 1052047990 20 04 31 9
Olinda 888886334 1241362598 13 15 33 2
Isadora 757658240 1238420257 21 14 07 9
Buffy 223248724 1249763043 00 59 08 2
Buffy 562919140 1052938448 08 42 34 6
Carli 820547218 1052047902 00 02 54 10
Deangelo 198932669 1052047661 03 43 10 5
Brandon 316265629 1229047654 15 54 13 4
Molly 569267739 402328940 15 43 19 1
Denis 786159093 1052803100 21 44 04 1
Marian 861015791 1238420349 00 16 20 3
Thalia 149019140 1337026371 10 04 59 7
Tod 817460325 1251283399 02 28 54 6
Ida 307568141 1249745395 11 06 01 4
Hulda 436645625 367602588 19 46 20 10
Shawana 192486354 402329055 23 17 23 5
Sharri 687061554 1242512314 13 58 12 2
Olinda 438823568 1249745404 08 33 14 2
Santos 939134324 1286223640 18 02 40 5
Rudy 364931095 1252224754 01 37 11 1
Brooks 926087465 1286223637 11 26 31 3
Genie 100347252 288195821 20 29 07 9
Elisabeth 858761701 1286223628 12 37 28 5
Genaro 989324303 1241362483 23 49 59 4
Edna 928402782 1251283130 14 47 32 1
Bradley 656187004 1242512466 22 29 04 2
Linette 518399640 1207585653 09 07 17 10
Howard 967046700 1338726407 15 38 23 7
Antony 645092778 1249745379 04 30 06 2
Josue 720392722 1251283134 09 40 01 7
Saran 722862898 1052047661 03 19 32 10
Chadwick 387114350 402328909 17 10 38 6
Sara 522001526 1051964212 07 05 27 6
Ashton 912031145 1338672143 14 02 13 7
Buffy 227557037 1251283277 05 55 04 10
Janell 919874484 1337026262 06 44 37 6
Venice 478837785 1338672076 06 59 11 1
Sharri 477516708 1251283005 10 11 56 10
Madge 132879585 1249745617 05 17 13 3
Rigoberto 342238156 1052047962 15 02 02 9
Emilio 115842878 1249745516 18 46 14 8
Isadora 756825040 1286223546 07 05 27 10
Matilda 743051260 1338688630 15 44 52 9
Jazmine 788051304 1249763075 03 06 51 8
Denisse 122888507 1238420471 02 16 34 3
Clora 819247136 1338672319 18 29 50 10
Sean 304194503 402329058 17 17 58 9
Denisse 182608728 1338688652 10 30 37 7
Inell 532141163 1337026768 13 01 44 5
Antone 795265919 1052803062 03 50 23 3
Shirlene 359149820 402328889 03 23 19 7
Marline 834813120 1059564876 01 04 11 3
Raeann 723980192 1286223678 18 57 12 1
Ila 486797640 1251283223 01 31 40 5
Scott 376135128 1338688455 14 06 47 1
Rigoberto 152202243 1241362553 12 26 13 1
Man 555642704 1338672022 06 44 24 2
Rupert 548671422 288201991 12 25 47 7
Genie 887180117 1241374679 04 37 32 9
Alpha 193989291 1249745621 13 54 26 10
Rupert 705243901 1059564705 10 29 23 6
Earnestine 713860783 1055447108 05 22 52 10
Cecelia 672111567 1238411860 04 44 08 9
Jeffery 173647636 1051988642 23 03 17 9
Janell 429614940 1249745209 05 50 11 3
Brooks 707387622 1241362579 20 03 05 7
Jesica 382139737 367602592 07 50 23 8
Eleonor 982517247 1337026470 13 27 19 9
Marcene 224189015 1052047738 09 56 50 5
Laraine 240516543 1251282919 15 48 49 3
Adelia 123805683 1242959171 01 40 17 8
Johnie 895438050 1249763053 05 10 33 4
William 885546738 1051988653 07 53 05 4
Georgette 898083342 1286223739 12 12 16 1
Rhiannon 613168040 1337026723 20 47 51 8
Liane 738846318 1207585766 23 30 45 8
Logan 261700240 1249745446 08 59 07 7
Brandon 258016229 899126430 07 51 13 4
Latisha 897101574 1338672113 03 41 08 3
Inell 245030155 1251283252 19 52 31 2
Manuel 318505140 1051964398 17 56 07 6
Marline 693891087 1238429122 02 55 18 2
Christinia 878759113 1051988639 05 55 12 2
Venice 705914633 1238420479 09 28 07 2
Lewis 326957664 1286223659 13 26 32 8
Harriette 778016825 1337026326 14 13 27 8
Samual 414764858 1109164275 15 01 21 7
Rima 787677934 1251283110 17 43 07 8
Osvaldo 725525243 994629135 16 00 05 3
Felton 236965559 367602531 18 35 37 10
Ila 715475609 1246641001 20 51 36 10
Darci 940729441 1055447134 03 23 36 6
Felton 851262588 1252224646 00 17 28 7
Agnus 285523745 1242512478 16 46 07 4
Patria 893357588 367604110 00 16 41 10
Klara 165725508 1252224627 01 15 00 6
Janell 672962409 1251283127 16 32 39 2
Magnolia 113019549 1241362711 19 47 51 7
Christinia 919995877 1251283351 05 04 44 4
Margene 253897137 1251300439 09 52 19 4
Genny 250613724 1338672163 17 15 26 2
Johnie 804862291 1052938341 09 02 29 5
Deborah 169908546 1337026667 01 27 59 7
Henriette 762212584 1249745197 11 09 59 7
Jay 348413172 402328912 16 05 36 9
Denis 344513832 1052047870 09 10 32 9
Deborah 766672006 26130626 17 16 18 7
Kyung 547277193 1249745464 12 46 06 10
Inell 154813156 1242512332 13 14 49 7
Marline 170139700 1337026574 23 03 54 6
Theodora 203581834 994629160 23 24 44 3
Fabian 859003255 1238420223 01 15 24 7
Yuk 349312613 25264987 16 15 52 9
Liberty 316904834 1337026392 22 37 41 2
Liane 288210370 288201969 03 04 54 9
Antone 941677888 1249745582 17 22 09 1
Dannie 926248162 1249745571 03 06 58 6
Alexandria 772315794 1052802712 10 46 56 9
Yuk 550622956 1052803080 13 26 56 9
Sterling 328041691 1052802828 13 56 30 6
Margene 383084214 1242512477 17 48 00 4
Tula 508476088 1338672395 09 26 27 10
Nicolas 951623606 1249763063 05 41 18 7
Easter 570518342 1338672113 09 10 41 8
Olinda 346982912 1249745415 09 48 53 9
Dorian 951711720 1252224654 17 04 44 8
Genaro 795023253 1286223724 19 44 10 7
Dorian 333578131 1338688234 10 10 51 3
Santos 542289618 1242959168 08 32 13 6
Denis 964620199 1337026254 14 10 50 9
Evette 896562418 1241362525 18 10 47 3
Gia 601807759 1052802958 19 57 17 8
Berry 797059699 1337026569 19 13 01 10
Angelia 470916339 1238420351 02 57 30 9
Thalia 839865541 1241362711 16 55 48 4
Gilberte 125874209 1337026412 16 02 19 7
Belva 373392566 1252224714 13 41 46 3
Arlean 641900572 1286223707 14 25 52 5
Osvaldo 755114759 1241362675 20 03 02 2
Linette 494498599 1337026727 16 51 06 1
Ebonie 574771541 1051964121 10 08 12 6
Molly 187500734 1241362720 07 56 55 4
Alexandria 477351727 1249745602 16 44 34 4
Anton 992420283 1286223623 05 58 07 8
Sherley 825362101 1252224559 10 08 38 2
Alane 279752261 402328890 02 36 42 6
Doug 353291377 899126685 17 31 30 10
Hal 115110666 1286223583 01 02 55 4
Rayford 851245319 1249763034 16 32 27 8
Petronila 738254300 1241362478 09 28 21 1
Elisabeth 736656307 1286223577 20 53 04 6
Hoa 272130070 1252224763 22 47 02 2
Josue 401353979 1286223579 05 45 27 7
Clifford 502518708 1238420224 19 33 36 2
Son 135636892 1238420361 21 34 31 3
Alpha 514042291 1109164399 18 00 13 7
Rigoberto 256566900 1251283225 10 26 42 1
Curt 188743710 1055447074 22 36 56 8
Chadwick 585356472 1251283117 02 52 42 5
Janell 875614841 1338672269 05 59 14 3
Raeann 397271542 1055447134 02 17 31 8
Janell 616001278 1249745158 22 15 58 6
An 284030990 1252224454 21 29 21 10
Rigoberto 253599645 1337026598 16 13 46 3
Franklyn 299808399 1249745197 16 40 45 8
Madge 414509735 1246641058 03 19 45 10
Tula 369719045 1338726312 04 31 35 1
Son 536906250 1251282913 14 16 01 5
Evette 945591208 1238411788 07 04 07 1
Adelia 991566414 1337026271 02 38 55 8
Rupert 922142935 1052938423 10 26 06 7
Greg 687726676 1249745678 21 03 10 9
Raeann 625553077 1251283373 06 30 15 1
Marline 492258102 1337026208 23 24 52 7
Collin 957364196 1338726371 13 18 59 9
Jay 528236719 1229010152 09 48 42 1
Marcene 527509070 1052048007 23 27 28 6
Virgie 961056758 1242959147 19 50 37 4
Carli 850134160 423785039 03 17 28 8
Easter 477262859 1249745457 14 17 29 9
Jazmine 224369876 1337026771 10 58 32 8
Santos 213918470 1051964343 23 42 20 4
Moises 290872352 1338672137 08 18 10 10
Santos 467991295 1337026655 03 48 12 2
Thalia 566032818 1286223731 11 36 56 1
Genny 459949826 1338672290 20 10 03 9
Santos 965436805 1229010141 02 51 42 7
Julee 393253383 1337026283 11 27 13 9
Shauna 167744276 1251283021 05 32 28 6
An 355719663 1249745252 17 28 37 3
Doug 863726194 1338688455 14 05 43 1
Rima 259245491 1207585532 16 57 45 10
Gaynelle 178698518 1109164356 03 31 41 10
Clarence 991378773 1109164797 17 09 46 8
Elisabeth 203789521 1229010122 01 40 13 10
Karri 894858689 1337026699 22 17 05 1
Freeman 688059497 1252224575 13 18 24 1
Howard 532105567 1238420374 23 02 51 10
Antony 386089853 1286223716 04 48 24 8
Danita 319992423 1051964394 10 08 06 9
Mickey 518519525 1249745269 20 51 53 7
Clarence 594138365 1338672087 23 26 13 6
Johnnie 571901953 1252224577 04 58 22 5
Valencia 552441019 1337026786 22 49 34 7
Klara 314955496 1241362732 15 47 45 10
Madge 247757741 1249745368 12 22 18 5
Ethan 265106359 1109165000 20 25 26 10
Osvaldo 794849998 1246640947 16 24 28 8
Mickey 616876646 1338672399 12 56 11 3
Hoa 703318040 402328954 05 14 00 4
Rigoberto 662698949 1338672065 12 30 11 4
Shery 885182429 1241362691 15 09 41 5
Jay 837934884 1249763075 18 42 57 9
Greg 369034851 1051964374 02 21 13 7
Antony 596148545 1338671962 06 22 25 7
Antony 784039058 1051964230 18 40 35 5
Hubert 134238525 1246640947 12 56 26 10
Evette 996083744 1251283137 18 56 00 10
Greg 687374474 1249763038 04 30 26 1
Genie 345824679 1252224639 03 04 32 6
Genaro 458273050 1249745183 13 14 45 8
Inell 186918307 1252224603 02 09 36 6
Petronila 216766285 1207585527 15 14 34 3
Greg 622550608 1286223702 11 51 04 6
Ebonie 509399098 1238411910 22 39 14 10
Isadora 753472993 288195762 08 44 53 1
Liane 468722075 1249763046 18 33 21 8
Collin 963341357 1052938401 06 33 43 2
Easter 167927101 1251300476 18 43 36 2
Marian 458279169 288201916 00 22 51 6
Renea 805539191 1338726391 09 25 54 10
Josue 994240920 1052802976 10 24 54 7
Maryam 230588173 1249745455 13 55 10 5
Sonya 490095012 1286223582 13 51 40 8
Olinda 434167406 1241362701 06 45 41 7
Dorian 526522953 1249745657 06 58 30 5
Lita 283056637 1251283373 19 05 30 1
Tod 349009638 1252224451 10 58 21 2
Deborah 437328439 367602612 02 46 50 10
Delmar 678074243 1337026659 05 28 34 8
Angelia 744912027 1251283150 18 59 17 5
Jaclyn 638751274 1249745400 21 30 05 3
Samual 311201506 1286223546 08 55 32 10
Luis 819591887 1241362590 21 48 46 6
Alissa 360674356 1249745406 21 26 08 10
Janell 149384692 1251283277 17 48 17 8
Liane 663126507 1338672303 14 30 18 8
Osvaldo 251977604 1109149456 20 13 30 8
Gia 810671328 1242512332 13 41 58 8
Johnie 760300870 1338688649 16 24 59 10
Carolann 881482194 1052802819 22 22 41 2
Marian 977609461 1241362546 11 41 03 6
Laraine 993541301 402329062 23 19 44 4
Genie 805593224 1249745520 14 01 06 5
Hal 154771142 1338672024 08 49 12 8
Creola 706058162 1249745611 12 56 02 3
Arlean 779213666 1337026208 20 27 41 4
