500
Gerardo 337916812 1252224763 19 35 50 3
Carli 562488786 1252224615 16 49 56 7
Alane 987074660 1246640863 13 12 46 6
William 509273168 1337026265 08 30 11 2
Petronila 858351951 275996470 22 14 11 10
An 214822984 1052803062 22 22 14 10
Manuel 495390713 1249745489 14 35 53 4
Nada 377875582 1338672152 22 22 58 1
Carli 719558725 1055447070 13 27 13 6
Everette 426526070 1054703920 11 59 28 8
Osvaldo 817527726 1337026295 03 32 43 5
Hulda 705404762 1251283190 07 00 02 8
Denis 383009014 26130631 02 40 43 9
Ashton 186377975 1337026346 19 12 37 2
Greg 685766712 1338672029 08 12 48 9
Delois 766213998 1241362673 07 33 54 7
Maynard 948366672 1241362512 14 25 55 10
Carrie 340813744 1052802816 19 45 02 5
Santos 374539428 1052802775 19 18 27 7
Sonya 652116364 1052938423 22 42 36 3
Madge 699405080 1242959181 11 10 07 9
Latisha 338233752 423785045 10 55 36 7
Shery 543381566 1252224482 23 37 08 4
Venice 366206444 1252224648 21 43 02 4
Jamila 268976014 402329050 05 24 27 4
Marg 502627447 1052803082 16 39 23 9
Debi 803552946 1249745433 08 53 44 2
Deborah 573952930 1051964491 11 23 44 1
Geraldine 162176047 1241374677 15 15 13 10
Georgette 419494207 1051964491 14 59 18 9
Ida 100068453 288201964 15 40 24 4
Luis 703767154 1051964373 16 02 40 8
Carrie 318938514 1249745626 21 47 54 1
Gia 576569350 1337026655 04 25 31 2
Virgie 244496130 1338726444 03 35 46 8
Theodora 726495672 1241362527 18 59 01 4
Josue 490119367 1246640800 01 17 11 6
Sterling 676505060 26130605 18 31 03 1
Antony 235191134 1052047736 11 22 55 9
Era 740177310 275996478 23 48 43 5
Janae 648365427 1286223736 15 55 49 9
Hubert 322440652 1249745658 00 06 14 10
Rima 815596269 1251283360 10 02 42 9
Sharell 155622612 1249745424 09 07 49 10
Dannie 538882686 1229047674 12 54 26 8
Greg 328534031 367602544 08 41 24 7
Sterling 932862711 1251283197 13 32 23 2
Edgardo 891051551 1051988649 13 24 54 3
Gerardo 766620219 1252224653 14 59 20 5
Liane 771242047 1051964564 06 23 28 7
Georgette 169524737 367602538 20 50 16 8
Alpha 485044169 1249745642 15 42 57 4
Tod 783657450 1241362561 22 28 12 8
Denisse 922432745 288201957 06 05 17 10
Danita 309436581 1038409291 09 58 33 7
Lewis 241383404 1338688716 11 48 38 3
Awilda 440383052 1286223548 09 47 28 7
Edna 362678996 1238411771 10 07 09 9
Clora 185798044 1249745322 23 42 02 4
Arlean 344140087 402328912 15 57 23 7
Sharri 807125292 1338726351 11 46 06 5
Saran 682173973 1241362645 15 56 15 6
Hal 935527350 1337026269 10 39 50 8
Jay 146056835 288201960 15 33 45 5
Nathanael 266962018 1238411788 02 21 18 8
Liberty 836858678 1249745638 03 08 44 1
Antone 137672074 1251283180 16 34 46 5
Isaac 491401167 288195767 05 42 23 3
Ebonie 697816524 1051964118 23 08 40 4
Klara 447949713 1249745320 04 47 34 8
Danita 503648995 1338726378 12 42 14 6
Freeman 523436721 1207585464 13 22 21 4
Henriette 820205582 1338726436 13 56 30 10
Franklyn 136302233 26130553 11 37 20 1
Saran 682774781 1229010160 03 07 40 2
Sharell 239638069 1109149441 16 46 35 5
Clarence 584486617 1337026770 13 50 01 4
Sean 890723645 1252224660 04 02 26 5
Anton 845988317 1241362583 11 34 54 6
Bradley 331909383 1238420345 01 52 00 5
Ebonie 853240321 402328834 19 25 36 1
Raeann 417199268 1337026735 06 10 20 5
Jaclyn 664306631 1286223563 18 39 12 8
Josue 797425249 1241374674 17 02 13 8
Patria 451203570 1241362745 22 08 32 1
Antony 964939169 1241362751 17 45 30 5
Fidel 784451281 1337026567 12 23 36 8
Samual 880775279 899126430 12 21 38 1
Shauna 769654077 1338726316 12 21 10 7
Delois 459586076 1052802754 16 32 59 1
Darci 942357769 1109164797 07 04 43 5
Marline 387386449 1286223731 11 59 56 10
Agnus 948042972 1338672083 22 12 58 1
Hulda 930257966 1338672050 22 52 43 8
Jaclyn 208931759 1337026670 22 44 20 7
Isaac 797468218 1338672290 19 52 21 9
Jerald 103680268 1337026301 23 24 23 8
Yuk 467790014 1338672356 00 55 00 10
Anton 755507411 1249745654 15 44 54 5
Carolann 736318066 1337026702 07 21 21 3
Liberty 558930122 1251283397 12 35 22 6
Valarie 624684339 1238411791 06 56 11 3
Sharri 237718296 402328977 10 28 27 5
Petronila 506849127 1249745525 22 28 45 4
Leana 562599982 1238411895 10 02 42 9
Janell 934883337 1238411837 00 38 21 2
Yuk 877000632 1338688551 18 35 05 9
Chadwick 873595055 1338726304 09 13 15 7
Jaclyn 729392934 1251283397 03 32 29 8
Cecelia 729260460 1052803100 03 06 46 9
Marian 192656292 1338672076 18 29 38 3
Belva 288273173 1251283395 10 16 04 1
Ashton 881637525 1338672009 00 19 52 4
Janell 219248965 1338672047 12 33 53 10
Gaynelle 222690734 1238420465 03 29 13 2
Petronila 111589071 1338671962 01 55 00 3
Franklyn 405948012 1242512370 03 03 31 4
Karine 653124154 1238411761 04 56 32 4
Christinia 677750427 1252224667 00 00 35 8
Petronila 688080784 1051988642 16 42 56 6
Tod 388907910 1338726321 13 55 10 8
Gerardo 896407438 1338726346 06 59 12 1
Awilda 892046302 1249745381 09 08 09 6
Gilberte 449723444 1238411911 22 25 19 10
Margene 129153526 1207585798 17 56 18 8
Klara 864590865 1051988642 10 36 28 7
Ethan 175980256 1249745523 01 06 10 9
Anton 505653279 1249745212 22 47 33 4
Jaclyn 235358641 1249745547 18 03 40 4
Brooks 541353766 1241362690 23 29 17 6
Rigoberto 890109592 1052047682 15 37 46 8
Olinda 891259721 1052803111 04 56 53 10
Na 341343689 26130555 13 47 06 8
Nada 853760333 367602533 00 24 47 5
Dannie 266588068 402328923 00 06 27 5
Patria 297606251 1242512365 09 44 06 2
Chadwick 595004369 1241362665 15 34 12 7
Greg 409390343 1051964052 02 55 17 9
Rhiannon 507729099 1109165000 03 42 40 3
Kenda 264904792 1337336303 04 54 54 4
Nada 884803750 1238411872 00 23 57 2
Neal 894444558 1052047797 06 30 14 8
Alissa 501543262 994629151 04 36 55 2
Moises 405198915 1249745479 13 19 52 5
Brandon 935303827 1052047902 23 02 56 3
Doug 170549219 367602560 01 36 28 10
Marline 748160620 1252224513 08 21 21 7
Creola 630797183 1241374682 21 38 29 2
Patria 917536167 1238420359 06 17 12 6
Matilda 103092569 1286223610 06 00 09 9
Osvaldo 208527318 1251283102 11 52 15 2
Klara 701708705 1337026730 08 59 07 9
Jeffery 966427964 1052047712 03 05 05 8
Latisha 973220723 1337026598 03 59 59 10
Rayford 462377180 1337026287 11 59 34 6
Scott 405133018 1251282882 16 31 25 3
Fabian 956038409 1054703914 20 43 13 6
Eleonor 636098700 1338672388 14 09 48 1
Cecelia 367256131 1338672197 04 25 08 10
Denisse 435448693 1249745344 13 47 33 1
Clifford 257463459 1051964606 06 25 47 3
Tula 550029831 1337026350 16 58 55 2
Scott 175228567 1051964343 11 51 46 3
Brooks 283842754 1249745160 05 26 57 3
Rhiannon 434174054 1238411788 01 02 36 6
Brandon 357885582 275996472 15 17 49 5
Lita 923512043 1249745571 23 46 18 8
Maynard 441484015 1251283053 11 06 15 5
Karri 521022409 1252224450 22 35 57 5
Antony 421365766 1241362535 09 30 36 2
Georgette 831614752 1241362561 20 04 02 7
Karri 391963564 1249745479 15 21 34 10
Man 715352588 1338672176 00 50 17 10
Manuel 364097182 1238420388 10 19 08 1
Alejandro 509041548 1242512431 01 21 53 1
Geraldine 495097902 1337026627 15 14 37 2
Karri 350840507 1338726420 08 47 16 6
Valencia 764217749 1252224706 22 29 58 1
Ashton 141487498 1207585624 23 38 49 6
Morton 942199291 1252224554 05 05 36 4
Yuk 468847428 1052938415 12 26 00 8
Collin 965929294 1249745252 21 15 51 4
Madge 889814303 288195748 18 40 05 3
Tula 489194622 1338672265 16 05 25 5
Thalia 572875837 1241362531 11 00 42 4
Genaro 805709504 1337026272 13 51 25 7
Fidel 219045007 1249763046 20 21 47 10
Karine 467214662 1251300483 18 25 14 3
Janell 648008705 367602602 09 43 30 10
Sterling 752898821 1241374681 14 29 46 8
Venice 672757723 1249763064 16 08 35 2
Carrie 830835249 1241362575 01 09 49 3
Josue 802507780 1252224754 08 12 14 1
Hal 179378616 1338726338 17 28 59 4
Denis 688988475 1251283092 18 57 23 9
Santos 205523691 1249745282 20 06 06 3
Margene 886104424 1337026654 01 17 08 8
Edna 309229908 1337026366 15 06 54 5
Berry 858778522 1338672079 04 49 48 4
Ila 947920557 1252224547 22 25 56 2
Sherley 298559196 1052803092 03 43 15 1
Alane 332702591 1251283082 11 32 31 2
Franklyn 234657198 1109149480 05 48 30 4
Valarie 334624115 1251283277 04 13 23 7
Cleora 982816651 1109164399 00 48 58 6
Clifford 258931783 367602529 20 18 12 7
Justine 702697714 1242512453 20 20 53 1
Loriann 158119485 1337026780 13 10 40 6
Ralph 483769588 1252224577 18 18 19 4
Shauna 880481514 1241362613 18 06 27 10
Magnolia 348838965 1249763073 22 59 20 3
Lita 158995770 1246640851 10 04 29 5
Shauna 939786591 1241380421 03 01 39 8
Scott 631831731 1051964591 01 46 16 6
Sean 991355402 1229010141 22 57 08 3
Dannie 297160597 1338688486 21 17 00 5
Carli 853471167 1241362661 17 15 11 4
Geraldine 641367947 1337026520 03 19 16 5
Alissa 522043283 1337026244 11 27 28 1
An 422434086 1337026669 03 25 49 3
Jamila 441780159 1286223678 07 12 12 2
Flavia 506469958 1051964146 16 34 49 10
Theodora 891864014 1242512443 17 29 37 5
Santos 901098294 1337026299 03 03 17 4
Liane 920420138 402329048 23 22 06 2
Valarie 730336794 1241362597 03 28 58 4
Christinia 903227668 1252224743 09 42 54 4
Rigoberto 882187231 1249745627 14 09 42 6
Chrystal 833403328 1337026500 22 51 48 10
Jamila 326399249 1241362595 04 20 00 1
Easter 602821304 1337026629 06 26 26 2
Isaac 702492941 1249745209 17 14 19 3
Belva 698892731 1338688713 03 56 25 9
Delois 175409032 1249763059 17 36 52 9
Marg 709301274 1252224500 14 30 10 9
Curt 260066526 1249745695 01 07 54 9
Laraine 140556484 1229047705 11 29 53 2
Madge 769891600 1251283307 14 08 04 7
Agnus 680451791 1238411872 22 07 07 3
Eleonor 513299004 1337026560 19 41 01 6
Shauna 623463545 1338726338 14 40 45 6
Valarie 314026408 1338726376 08 41 43 9
Petronila 599803350 1241362694 08 20 34 10
Samual 330685699 1246641031 22 44 23 4
An 230056355 1337026706 04 46 53 1
Renea 882180767 1337026675 10 33 13 9
Luis 563471687 1338726443 09 19 07 5
Christinia 958293779 1242512348 16 07 17 10
Brooks 108980453 1338671978 04 50 09 9
Dorian 818545571 1251283182 21 50 46 6
Mickey 781294019 1052802819 08 41 52 2
Brandon 945530614 1251283125 21 53 45 6
Leana 297326459 402328895 14 44 55 5
Adelia 754119998 1337026590 23 06 41 4
Molly 662605655 1337026273 10 52 24 9
Raeann 147204804 1286223666 22 06 27 10
Vicenta 730930928 1338688639 12 19 00 7
Rudy 712354489 1229010152 14 54 59 8
Curt 145108175 1252224540 07 01 28 2
Carolann 584018735 1052802977 03 08 12 2
Carrie 129861728 1241362511 13 12 17 5
Gia 960614579 1241362486 00 57 14 5
Alexandria 257667859 1337026669 04 28 31 10
Edgardo 366289811 1242959168 02 13 29 10
Olinda 619338735 1286223546 14 48 21 9
Carli 612691578 1249745211 09 33 37 2
Rigoberto 944805288 1251282986 05 50 12 3
Sherley 910177763 1337026569 13 08 39 8
Bradley 910419374 1109149346 08 18 43 4
Angelia 979610063 1249745657 04 09 36 6
Alexandria 705263508 1337026535 04 53 00 3
Delois 305155623 1338726359 06 38 20 1
Gerardo 853443188 1241362659 20 20 50 6
Jazmine 657836495 1338672315 02 59 28 1
Magnolia 187479813 1286223654 03 15 41 1
Moira 615740032 367602618 07 03 59 6
Elias 920566826 1337026350 09 17 17 10
Collin 693061276 1251283245 16 55 10 4
Chadwick 635938088 1338688299 02 31 17 5
Samual 688550400 1337026480 02 11 53 5
Edgardo 744593921 1238420361 23 23 08 5
Geraldine 684487057 1286223582 10 51 39 10
Deborah 347467403 1252224713 16 26 13 2
Ila 627545096 1238411837 23 57 10 7
Buffy 464687295 1241362712 05 13 11 10
Sean 554193438 1338672327 12 24 36 3
Harriette 187198784 423840620 02 41 50 4
Tula 603855967 1338672221 21 30 34 8
Carrie 711033927 1252224500 20 36 55 9
Carrie 365206966 1337026700 21 44 03 3
Awilda 498304942 1241362747 22 09 49 8
Janae 186888462 1338672327 19 42 42 1
Genie 146138928 1238420465 07 28 29 8
Virgie 421964455 1229010122 19 10 57 10
Arlean 998168810 1337026587 03 13 43 10
Georgette 641339349 1337026631 18 19 43 8
Scott 454336588 1252224575 16 59 59 4
Ralph 783940904 1338726405 00 44 28 10
William 260434464 1251283380 22 16 16 8
Carlos 832018914 275996469 14 58 18 4
Simone 349838600 1337026542 05 00 23 2
Georgette 928157154 1052802775 12 52 38 1
Marian 723092047 1052938445 18 20 48 6
Antonia 750761486 1051964121 20 51 51 5
Magnolia 677469927 1337026690 20 21 39 2
Sonya 759256342 1242512454 03 55 18 7
Mickey 593386937 1286223534 07 46 02 8
Shirlene 601199551 1052938374 10 45 51 9
Edgardo 158322979 1054703932 02 13 04 5
Buffy 861101366 1252224570 08 50 59 8
Denisse 471372523 1241374683 16 53 02 9
Cecelia 378665024 402328953 23 37 08 4
Laraine 816531264 26130634 05 35 13 6
Earnestine 529662584 1207585497 04 47 38 6
Chrystal 709088735 1337026461 23 45 48 3
Ebonie 821272682 1338726369 19 09 49 2
Manuel 866622212 1238420410 11 20 52 5
Eleonor 642219253 1059564704 21 38 31 3
Logan 199896105 1051964079 15 19 31 10
Henriette 255778768 1241362564 18 11 42 6
Delmar 697424653 1338688367 11 07 59 8
Jerald 613974306 1249745607 07 35 10 5
Karine 175939428 1249745339 20 41 48 5
Deborah 686069755 1337026503 09 04 04 1
Gia 940810798 1338726410 08 46 15 5
Marian 897692803 899126614 15 40 53 6
Magnolia 682430693 288201974 02 52 12 4
Elias 798713857 1249745614 23 18 20 1
Yuki 839717190 1337026612 18 23 36 5
Ida 878372875 1337026257 14 21 00 7
Anna 883778295 1251300465 16 40 19 3
Liane 704946013 1337026672 16 30 32 3
Manuel 461823770 1052803100 19 53 13 3
Magnolia 289747193 1052047721 18 02 06 7
Delmar 369587211 1338688696 15 45 41 5
Leana 861664823 1249763064 04 40 55 9
Jay 645401130 1249745293 17 06 12 6
Delmar 364946016 1242512431 06 42 55 10
Delmar 498681564 1338726393 06 23 29 10
Raeann 650609439 1249745542 04 49 15 8
Alpha 891666500 1252224728 15 14 26 10
Henriette 813364586 1109149453 02 00 14 9
Talitha 203468236 1337026554 12 09 34 10
Carlos 867719873 1052938380 17 52 46 1
Vicenta 908105090 1249745431 05 52 51 3
Laraine 235696437 1252224486 07 56 40 6
Genaro 612790592 1337026404 18 19 41 4
Cleora 854491600 423840611 10 27 26 6
Nathanael 786234607 288201989 08 04 43 8
Solange 802414606 367602592 06 12 13 5
Danita 726493633 1038409291 18 31 11 1
Carrie 423923013 1241362622 19 09 27 8
Evette 189150166 1249745320 18 23 42 6
Liberty 812391259 1337026695 19 46 16 7
Sharri 810527222 1249745517 12 16 28 4
Nathalie 374967674 1109149318 07 17 14 7
Leana 943229471 1251283160 03 32 58 8
Rupert 252129370 1251283122 13 56 40 1
Elisabeth 656730051 1241362591 11 42 18 5
Elisabeth 476540514 1051964098 12 52 46 8
Felton 907242637 1286223685 12 31 14 5
Hubert 542475614 1052938396 05 23 34 6
Yuk 363978982 1249745254 20 17 32 10
Janell 105653647 994629188 08 49 17 3
Harriette 836469796 1338672068 10 55 55 7
Deborah 543240642 1054703914 09 28 56 1
Luis 563920073 1337026660 09 21 40 1
Leana 915718525 1246640863 09 58 39 9
Clarence 651775276 1337026610 15 11 51 4
Rigoberto 778943030 1052938398 20 09 19 10
Harriette 241952867 1286223740 16 31 21 5
Liane 232674999 402328907 15 40 01 9
Evette 101781092 1249745192 02 33 24 5
Belva 743521189 1207585587 13 47 30 8
Emilio 838456526 1251282934 10 01 01 9
Sonya 426840966 402329058 05 56 05 1
Sean 970887036 1338672286 07 29 09 2
Fidel 183715889 1052047850 14 17 05 9
Gaynelle 587428701 1238420339 23 01 19 3
William 274038110 1251283091 11 23 31 4
Dorian 280086376 1338672221 04 35 58 1
Aisha 514528311 402328889 20 06 49 4
Sherley 260928172 367602556 04 40 43 4
Anna 883863069 1238420374 07 24 46 9
Yuki 202543838 1052938445 22 32 11 8
Patria 197884781 1238411795 20 18 21 7
Elisabeth 858592222 994629160 10 57 35 2
Virgie 207253699 1207585644 16 21 04 5
Arcelia 886536269 1238411791 03 48 18 1
Carrie 119501849 1337026730 01 00 08 9
Clora 431093602 1051964343 03 59 50 10
Tula 215421389 1241362706 04 24 16 8
Rudy 474426184 1338672025 17 09 26 7
Clora 199706387 1241362547 12 40 18 2
Nathanael 430375261 1249745404 00 29 15 6
Belva 991150740 1242512410 12 21 05 3
Carli 563952370 1241362702 15 46 07 3
Luis 187435752 1337026415 06 58 48 8
Justine 771171488 367602585 06 07 41 5
Berry 172233560 1286223620 16 52 41 1
Doug 325226302 1249745404 21 33 51 2
Ashton 546636045 288201938 18 33 20 3
Nada 583577385 1249745605 22 51 46 5
Antony 997183604 1338726349 23 41 09 8
Maryam 921620211 1251283028 05 12 11 6
Johnie 667029095 1249745602 20 37 28 8
Nathanael 769466973 1242512461 02 46 05 3
Ebonie 736969545 288201989 16 51 29 9
Floria 610834169 1337026616 15 39 53 4
Edgardo 675608380 1249745277 04 13 00 4
Dannie 258771909 288201974 15 21 45 9
Janae 752039388 1286223643 08 47 19 2
Flavia 134947533 1338688465 12 00 11 9
Jay 538655882 1052938398 11 23 24 1
Anton 176525566 402328714 00 45 51 7
Valarie 822070330 1338688253 12 58 58 7
Julee 974643110 1249745422 10 54 31 3
Nathalie 248827942 1238420421 14 16 45 7
Carlos 329498200 1249745422 16 44 42 10
Magnolia 135525870 1246640947 18 10 41 9
Antony 217350278 1252224490 22 44 38 3
An 842408913 1249763033 12 43 30 5
Sharell 501686503 1286223626 13 27 16 10
Curt 973600329 367602560 17 21 46 6
Justine 526640546 1251283227 07 58 40 7
Fidel 137029785 1241362564 10 57 03 3
William 424165770 1238411852 19 46 34 10
Genny 707735919 1338672296 21 42 21 5
Genaro 633901444 1109149453 09 47 14 2
Man 630700718 423840613 22 04 05 4
Genaro 852420562 1241362745 07 09 48 9
Debi 473312453 1249745615 19 50 06 1
Alane 831782748 1337026309 11 46 51 3
Moira 993619235 1246640997 05 15 41 1
Gaynelle 155673428 367604083 07 58 29 10
Julee 856101276 423840611 09 25 05 2
Johnnie 216184175 26130622 16 41 39 8
Sean 549821319 1241362685 02 17 48 6
Gaynelle 649591023 1241362527 09 45 40 1
Carli 584797900 1052802958 18 58 05 7
Brooks 511509057 1338672154 09 42 00 10
Belva 698611272 1338671993 04 30 19 6
Rayford 693210129 1286223561 20 15 34 8
Jerald 935484989 1052047801 06 35 20 3
Rupert 965135820 1238411858 21 27 15 7
Jesica 516120635 1241362673 02 44 29 10
Liane 909791177 1338672071 22 14 49 6
Jay 250418589 1249745489 08 44 27 6
Eda 192521411 1286223544 01 01 32 9
Everette 176749801 1238420255 01 36 25 7
Collin 673361829 1109165007 17 39 22 10
Genaro 582291014 1337026291 02 13 55 7
Emilio 679972546 1338672040 05 08 27 7
Brooks 773123412 1286223740 07 36 49 3
Nathalie 698552090 1337026515 13 02 33 5
Theodora 534755131 1229010145 18 43 15 5
Man 742390067 1249745568 18 20 28 10
Jc 715895993 1238420246 16 38 32 4
Creola 982203659 1238420361 22 09 43 6
Thalia 254562356 1242512479 01 27 34 7
Berry 305980783 288195762 01 33 43 8
Collin 996552685 367602575 18 21 25 9
Simone 686353626 1338672068 22 01 20 10
Sterling 994621562 1337026453 06 25 26 1
Olinda 852469573 1251283376 12 56 47 10
Margene 806375336 1251283143 07 03 24 8
Eda 155075300 1251283242 17 37 44 10
Elias 503330523 1249745298 22 54 08 7
Jeffery 837170889 1338688473 12 18 38 8
William 419581696 1054703920 12 53 09 1
Jerald 831532517 1249745654 21 48 07 1
Anton 205338072 1249745163 05 56 04 7
Belva 412587443 1251283131 16 58 05 6
Arlean 673171598 1338726439 16 16 19 3
Marian 299074910 1337026482 19 50 27 9
Yuk 677921769 402328956 11 44 27 8
Isaac 852514227 1249745635 05 19 04 6
Brandon 880019546 899126547 12 53 30 4
Carolann 301761073 1286223544 04 49 06 1
Veta 232108292 1338688637 04 41 56 4
Brandon 570852831 1338726405 05 13 04 6
Venice 204971309 1252224536 06 26 44 5
Anton 278215121 1238411893 08 52 28 2
Yuk 588746848 1249745395 20 24 53 2
Nathalie 285776577 1251283149 16 34 08 1
Madge 512271442 1242959123 12 06 07 3
Flavia 745200717 1337026693 03 59 33 8
Marline 887913604 1251283126 02 08 32 3
Raeann 682463526 1242512345 17 56 13 3
Buffy 721263874 1249763077 10 45 13 3
Chrystal 247046604 402328908 06 43 25 5
Felton 508627850 1238411878 23 03 40 3
Louann 325774170 1338672367 06 27 37 8
Madge 891873252 402328719 09 25 09 1
Adelia 320143916 402328881 03 54 15 8
Sharell 348812383 1249763075 06 55 54 10
Scott 404165890 1338726444 16 22 40 8
Saran 223607188 1252224472 10 52 00 1
Sean 753866143 1249745421 22 28 24 4
Rima 710122007 1251283281 03 27 57 10
