2383
(25264987, 41.4486567, -8.1721543)
(26130479, 41.4610307, -8.1557685)
(26130480, 41.4577909, -8.1465194)
(26130553, 41.4529394, -8.1704825)
(26130555, 41.4540294, -8.1706994)
(26130558, 41.4541272, -8.1706171)
(26130564, 41.454816, -8.1704715)
(26130566, 41.4547904, -8.1706126)
(26130570, 41.4542899, -8.1709334)
(26130574, 41.4516652, -8.170346)
(26130599, 41.450748, -8.1709078)
(26130602, 41.4508109, -8.1707745)
(26130605, 41.450671, -8.1694192)
(26130608, 41.4506492, -8.1693061)
(26130611, 41.4489737, -8.1706548)
(26130613, 41.4511299, -8.1689301)
(26130616, 41.45201, -8.1685393)
(26130619, 41.452229, -8.1683515)
(26130622, 41.4546192, -8.1695937)
(26130626, 41.4548032, -8.1696044)
(26130628, 41.4558627, -8.1691377)
(26130631, 41.4560336, -8.1691835)
(26130634, 41.456165, -8.1692999)
(26130636, 41.4562631, -8.1694541)
(26130639, 41.4565129, -8.1718726)
(26130642, 41.4561142, -8.173622)
(26132168, 41.4475807, -8.1698687)
(275996465, 41.4449545, -8.1688654)
(275996466, 41.4445228, -8.1684641)
(275996467, 41.4441559, -8.1683067)
(275996468, 41.4439158, -8.1683174)
(275996469, 41.4436722, -8.1683004)
(275996470, 41.442598, -8.1678587)
(275996472, 41.4424784, -8.1677656)
(275996473, 41.4423218, -8.1674523)
(275996474, 41.4423039, -8.1672687)
(275996476, 41.4422635, -8.1666229)
(275996477, 41.4421771, -8.1664549)
(275996478, 41.442035, -8.1663355)
(288195744, 41.4453303, -8.1694609)
(288195747, 41.4452161, -8.1694687)
(288195748, 41.4451691, -8.1693843)
(288195749, 41.4451671, -8.1693308)
(288195750, 41.4452075, -8.1692407)
(288195752, 41.4453585, -8.1691595)
(288195753, 41.4452838, -8.169215)
(288195755, 41.4453216, -8.1692329)
(288195756, 41.4453514, -8.1692688)
(288195758, 41.445418, -8.1692223)
(288195760, 41.4453572, -8.1694212)
(288195762, 41.4454521, -8.1690119)
(288195764, 41.4455301, -8.1688167)
(288195765, 41.4455838, -8.168529)
(288195767, 41.4455914, -8.1683039)
(288195768, 41.4455445, -8.1680378)
(288195818, 41.4456068, -8.1680046)
(288195821, 41.4456557, -8.1683064)
(288195823, 41.4456537, -8.1685827)
(288195827, 41.4456077, -8.1688474)
(288195829, 41.4455109, -8.169084)
(288201916, 41.4511263, -8.1737444)
(288201917, 41.4512273, -8.1733908)
(288201931, 41.445399, -8.1756795)
(288201932, 41.4446316, -8.1739107)
(288201933, 41.4452913, -8.1752149)
(288201934, 41.4452414, -8.1780252)
(288201938, 41.4453661, -8.1754357)
(288201957, 41.4473453, -8.1754093)
(288201958, 41.4498827, -8.1756272)
(288201959, 41.4461366, -8.1759721)
(288201960, 41.4484732, -8.1752784)
(288201961, 41.4503607, -8.1758436)
(288201962, 41.4507672, -8.1752386)
(288201963, 41.4490931, -8.1754208)
(288201964, 41.4505434, -8.1757868)
(288201969, 41.4443067, -8.1709647)
(288201970, 41.444504, -8.1724337)
(288201972, 41.4442865, -8.1713611)
(288201973, 41.4445055, -8.1726949)
(288201974, 41.4445764, -8.1737649)
(288201975, 41.4443222, -8.1716457)
(288201976, 41.4445278, -8.173503)
(288201977, 41.444394, -8.1705949)
(288201978, 41.4445644, -8.1702156)
(288201980, 41.4451256, -8.169468)
(288201989, 41.4530296, -8.167442)
(288201990, 41.4531685, -8.1670372)
(288201991, 41.4545292, -8.1672448)
(288201992, 41.4542049, -8.1694051)
(288201996, 41.4527541, -8.1677934)
(288214823, 41.4450496, -8.1689969)
(367602526, 41.4419307, -8.1968131)
(367602529, 41.4424004, -8.1963582)
(367602531, 41.4437065, -8.1953884)
(367602533, 41.4440282, -8.1949163)
(367602535, 41.444664, -8.1935371)
(367602538, 41.4448693, -8.1928011)
(367602544, 41.4451846, -8.1920486)
(367602548, 41.4456709, -8.1914815)
(367602552, 41.4457921, -8.1913949)
(367602556, 41.4468977, -8.1907535)
(367602560, 41.4473136, -8.1906215)
(367602564, 41.4479223, -8.1906561)
(367602570, 41.4489615, -8.1912015)
(367602575, 41.4497541, -8.191526)
(367602580, 41.450005, -8.1915431)
(367602585, 41.4504103, -8.1913972)
(367602588, 41.4508156, -8.1911054)
(367602592, 41.451122, -8.1905688)
(367602597, 41.4512595, -8.190084)
(367602602, 41.4513303, -8.1895347)
(367602606, 41.4512917, -8.188943)
(367602612, 41.4511353, -8.1878081)
(367602618, 41.4511308, -8.187243)
(367602625, 41.4511308, -8.1865564)
(367602637, 41.451208, -8.1856809)
(367602642, 41.451603, -8.1847812)
(367602647, 41.4532717, -8.1820528)
(367604034, 41.4536053, -8.1817149)
(367604083, 41.4516586, -8.1767616)
(367604088, 41.4513802, -8.175849)
(367604093, 41.4513386, -8.1754556)
(367604099, 41.4513461, -8.1752007)
(367604105, 41.451532, -8.1738582)
(367604110, 41.4515888, -8.1735389)
(367604115, 41.4518047, -8.1730364)
(367604124, 41.4562014, -8.1699307)
(385747127, 41.4537924, -8.1671245)
(385747128, 41.4539368, -8.1656011)
(385747129, 41.453116, -8.1658479)
(385750413, 41.4503462, -8.1686029)
(385750416, 41.451486, -8.1723512)
(402328714, 41.4510164, -8.1641647)
(402328716, 41.4517686, -8.1635875)
(402328717, 41.4521652, -8.1633844)
(402328719, 41.452772, -8.1634896)
(402328720, 41.452969, -8.1636262)
(402328721, 41.4530557, -8.1639522)
(402328722, 41.4510397, -8.1644775)
(402328723, 41.4511371, -8.165998)
(402328791, 41.4518944, -8.1578016)
(402328834, 41.4525697, -8.1529872)
(402328881, 41.4550921, -8.1469478)
(402328882, 41.4551265, -8.1471705)
(402328883, 41.4551446, -8.1473669)
(402328884, 41.4551885, -8.1475564)
(402328885, 41.4551962, -8.1477458)
(402328886, 41.4552685, -8.1482316)
(402328887, 41.4552789, -8.1484073)
(402328888, 41.4553667, -8.1486692)
(402328889, 41.455488, -8.1489654)
(402328890, 41.4555113, -8.1490964)
(402328891, 41.4555164, -8.1493651)
(402328892, 41.4554777, -8.1495477)
(402328893, 41.455457, -8.149682)
(402328894, 41.4554467, -8.1498715)
(402328895, 41.4554338, -8.1500265)
(402328896, 41.4554338, -8.1501781)
(402328897, 41.4554519, -8.1503435)
(402328898, 41.4554467, -8.1506398)
(402328899, 41.4554725, -8.150812)
(402328900, 41.4554725, -8.151098)
(402328901, 41.4554493, -8.151253)
(402328902, 41.4554312, -8.1513736)
(402328903, 41.4553641, -8.1515838)
(402328904, 41.4553692, -8.1517905)
(402328905, 41.4553253, -8.1518422)
(402328906, 41.4552582, -8.1520282)
(402328907, 41.4552066, -8.1522831)
(402328908, 41.4551782, -8.1523796)
(402328909, 41.4550775, -8.1524761)
(402328910, 41.4548967, -8.1526552)
(402328911, 41.4547444, -8.152731)
(402328912, 41.4545895, -8.1527655)
(402328913, 41.4543442, -8.1528895)
(402328914, 41.454308, -8.1527827)
(402328915, 41.4542589, -8.1526897)
(402328916, 41.4539594, -8.1525277)
(402328917, 41.4537322, -8.1523865)
(402328918, 41.4535179, -8.1522728)
(402328919, 41.4534533, -8.152197)
(402328920, 41.453159, -8.1523314)
(402328921, 41.453301, -8.1526104)
(402328922, 41.4534404, -8.1527896)
(402328923, 41.4535644, -8.1529653)
(402328924, 41.453647, -8.1530859)
(402328925, 41.4539594, -8.1534683)
(402328926, 41.4540343, -8.1534958)
(402328927, 41.4542486, -8.1535613)
(402328928, 41.4543209, -8.1535751)
(402328929, 41.4543906, -8.1535716)
(402328930, 41.4544733, -8.1536267)
(402328931, 41.454543, -8.1538093)
(402328932, 41.4546204, -8.1541022)
(402328933, 41.4546772, -8.1543123)
(402328934, 41.4547857, -8.1545742)
(402328935, 41.4548864, -8.1547361)
(402328936, 41.4549948, -8.1548326)
(402328937, 41.4550646, -8.1549497)
(402328938, 41.4549793, -8.1552287)
(402328939, 41.4550646, -8.1554389)
(402328940, 41.4551343, -8.1555216)
(402328941, 41.4553641, -8.1555423)
(402328942, 41.455457, -8.1554734)
(402328943, 41.4555474, -8.1554423)
(402328944, 41.4556351, -8.1554533)
(402328945, 41.4559507, -8.1550079)
(402328949, 41.4561233, -8.1549513)
(402328950, 41.4562549, -8.1550319)
(402328951, 41.4562659, -8.1551838)
(402328952, 41.4562505, -8.1553264)
(402328953, 41.4561496, -8.1556386)
(402328954, 41.4561561, -8.1557501)
(402328955, 41.4562101, -8.1558012)
(402328956, 41.4561322, -8.1561746)
(402328957, 41.4561037, -8.1564693)
(402328958, 41.4559415, -8.1572414)
(402328959, 41.4559486, -8.1573743)
(402328960, 41.4559879, -8.1575291)
(402328961, 41.4561145, -8.1578126)
(402328962, 41.4562361, -8.1578994)
(402328963, 41.4563168, -8.1579129)
(402328964, 41.4565279, -8.1577276)
(402328965, 41.4566374, -8.1577161)
(402328970, 41.4568383, -8.1582325)
(402328976, 41.4550733, -8.1593189)
(402328977, 41.4547122, -8.1596008)
(402328978, 41.454556, -8.1598167)
(402328979, 41.454339, -8.1599821)
(402328980, 41.4542783, -8.1601366)
(402328982, 41.4542279, -8.1609607)
(402328983, 41.4542434, -8.1610837)
(402328984, 41.4541324, -8.1611992)
(402328985, 41.454073, -8.1612543)
(402328986, 41.4539393, -8.1612945)
(402328987, 41.4538365, -8.1613135)
(402329041, 41.4518889, -8.1573187)
(402329042, 41.451897, -8.1568988)
(402329043, 41.4519171, -8.1565274)
(402329044, 41.4519414, -8.1562421)
(402329045, 41.4519494, -8.1557738)
(402329046, 41.4519736, -8.1555154)
(402329047, 41.4519817, -8.1552947)
(402329048, 41.4519333, -8.155047)
(402329049, 41.4519171, -8.1548802)
(402329050, 41.4518324, -8.1547025)
(402329051, 41.4515016, -8.1543149)
(402329052, 41.45132, -8.154245)
(402329053, 41.4512797, -8.1540619)
(402329054, 41.4513846, -8.1538197)
(402329055, 41.451433, -8.1536851)
(402329056, 41.4515419, -8.1533729)
(402329057, 41.4515984, -8.1531683)
(402329058, 41.451667, -8.1530445)
(402329059, 41.4517719, -8.1528938)
(402329060, 41.4520019, -8.1527592)
(402329061, 41.4521552, -8.1529261)
(402329062, 41.4555104, -8.1560669)
(423785039, 41.4593302, -8.1498003)
(423785040, 41.4594179, -8.1500514)
(423785041, 41.4597526, -8.1504022)
(423785043, 41.4607994, -8.1507722)
(423785044, 41.4610723, -8.1508775)
(423785045, 41.4614911, -8.1513427)
(423785046, 41.4617507, -8.1519777)
(423840605, 41.4548199, -8.1651957)
(423840609, 41.4549064, -8.1650793)
(423840611, 41.4550375, -8.1646296)
(423840613, 41.4555166, -8.163685)
(423840615, 41.4565436, -8.1630261)
(423840617, 41.456839, -8.1627662)
(423840620, 41.456949, -8.162757)
(423840622, 41.4570549, -8.1628114)
(423840624, 41.4574362, -8.1634196)
(423840626, 41.4577551, -8.1638458)
(423840627, 41.4581027, -8.164129)
(899126428, 41.4531465, -8.1826109)
(899126430, 41.4514649, -8.1774978)
(899126474, 41.4525055, -8.1870565)
(899126476, 41.4527906, -8.1872386)
(899126487, 41.4536962, -8.179655)
(899126490, 41.4531968, -8.1860101)
(899126510, 41.4531389, -8.1828307)
(899126520, 41.452797, -8.1870774)
(899126531, 41.4550617, -8.1876106)
(899126533, 41.4600015, -8.1844617)
(899126547, 41.4535223, -8.1853353)
(899126569, 41.4552268, -8.18775)
(899126589, 41.4535756, -8.1850147)
(899126592, 41.4526565, -8.186937)
(899126595, 41.4542853, -8.1873291)
(899126607, 41.4508079, -8.1757824)
(899126614, 41.4566016, -8.1870532)
(899126620, 41.4525304, -8.1872884)
(899126642, 41.4551938, -8.1900048)
(899126685, 41.4589529, -8.1854006)
(899126689, 41.4526395, -8.1873581)
(899126705, 41.4537525, -8.1799758)
(899126709, 41.4531324, -8.17869)
(994629135, 41.4599663, -8.1538407)
(994629136, 41.4590878, -8.157238)
(994629148, 41.4595123, -8.1574114)
(994629150, 41.4570127, -8.1578315)
(994629151, 41.4589747, -8.1540391)
(994629157, 41.4584389, -8.1570191)
(994629158, 41.4592312, -8.1573152)
(994629160, 41.4591655, -8.1534089)
(994629163, 41.4572777, -8.1576778)
(994629166, 41.4583377, -8.1570555)
(994629172, 41.458893, -8.1570902)
(994629173, 41.4597755, -8.1544708)
(994629174, 41.4597203, -8.1574482)
(994629175, 41.4570696, -8.1577364)
(994629178, 41.4604032, -8.157623)
(994629181, 41.4587083, -8.1569885)
(994629182, 41.4596261, -8.1574348)
(994629188, 41.457965, -8.1573359)
(1038409291, 41.4611666, -8.1509285)
(1038409294, 41.4612994, -8.1510525)
(1038409300, 41.4595938, -8.150289)
(1051964042, 41.4462465, -8.169047)
(1051964052, 41.4603244, -8.1617117)
(1051964069, 41.448735, -8.1746464)
(1051964079, 41.4611941, -8.159835)
(1051964090, 41.4479184, -8.1685216)
(1051964097, 41.4528467, -8.1770164)
(1051964098, 41.4550297, -8.1764725)
(1051964105, 41.4566756, -8.1667084)
(1051964118, 41.4521056, -8.170764)
(1051964121, 41.4592932, -8.1628521)
(1051964124, 41.4481242, -8.1693355)
(1051964135, 41.4560834, -8.1668506)
(1051964140, 41.4466807, -8.1683353)
(1051964142, 41.4464197, -8.169175)
(1051964146, 41.4546499, -8.1738961)
(1051964161, 41.4463506, -8.1693713)
(1051964165, 41.4573626, -8.1679569)
(1051964180, 41.4494803, -8.1716067)
(1051964185, 41.4608267, -8.1596778)
(1051964192, 41.4464587, -8.1683234)
(1051964207, 41.4528585, -8.1773996)
(1051964212, 41.4552431, -8.1764419)
(1051964213, 41.457404, -8.1667321)
(1051964226, 41.4519188, -8.1707054)
(1051964230, 41.4490603, -8.171565)
(1051964232, 41.4478354, -8.168434)
(1051964258, 41.4478247, -8.1693946)
(1051964268, 41.4490627, -8.1715209)
(1051964274, 41.4477093, -8.1697185)
(1051964276, 41.4551807, -8.1734109)
(1051964279, 41.4608878, -8.1594812)
(1051964295, 41.4592162, -8.1629549)
(1051964297, 41.4463123, -8.168626)
(1051964304, 41.4546211, -8.1769532)
(1051964315, 41.4487587, -8.1736982)
(1051964326, 41.4500435, -8.1731138)
(1051964328, 41.4490726, -8.1737061)
(1051964340, 41.4534537, -8.1769295)
(1051964343, 41.4549001, -8.1764822)
(1051964348, 41.4566697, -8.1668585)
(1051964354, 41.4490608, -8.174686)
(1051964365, 41.4483784, -8.1693462)
(1051964369, 41.4533916, -8.1775026)
(1051964373, 41.4560656, -8.1679174)
(1051964374, 41.4463774, -8.1683581)
(1051964384, 41.4550474, -8.1734187)
(1051964391, 41.4602475, -8.1615712)
(1051964394, 41.448245, -8.1685301)
(1051964397, 41.4520602, -8.1710214)
(1051964398, 41.4495069, -8.171565)
(1051964462, 41.4503751, -8.1723078)
(1051964463, 41.459157, -8.1628442)
(1051964482, 41.4592399, -8.1627494)
(1051964491, 41.4549936, -8.1647723)
(1051964493, 41.4495626, -8.1715149)
(1051964502, 41.4477044, -8.1698703)
(1051964506, 41.4553935, -8.1735934)
(1051964507, 41.4612906, -8.1596246)
(1051964513, 41.4603039, -8.1616839)
(1051964516, 41.4466116, -8.1696588)
(1051964551, 41.4500316, -8.1723078)
(1051964562, 41.4553858, -8.1765652)
(1051964564, 41.4518735, -8.1709629)
(1051964578, 41.4478256, -8.1685816)
(1051964584, 41.4503692, -8.1731217)
(1051964591, 41.4603175, -8.161666)
(1051964601, 41.4528989, -8.1770265)
(1051964606, 41.4494828, -8.1715626)
(1051964615, 41.4610725, -8.1593962)
(1051988596, 41.448911, -8.1763996)
(1051988600, 41.4493597, -8.1767374)
(1051988626, 41.4496137, -8.1760632)
(1051988639, 41.4499266, -8.1757101)
(1051988642, 41.4496955, -8.1760866)
(1051988649, 41.4497004, -8.1756016)
(1051988653, 41.449658, -8.1764156)
(1052047661, 41.4507547, -8.1686759)
(1052047677, 41.4459193, -8.1729749)
(1052047679, 41.4458063, -8.1777199)
(1052047680, 41.4508029, -8.1687942)
(1052047682, 41.4461691, -8.1811973)
(1052047690, 41.4488801, -8.1835902)
(1052047704, 41.4458877, -8.1730404)
(1052047712, 41.4498525, -8.1707954)
(1052047721, 41.4519141, -8.1864396)
(1052047729, 41.4471599, -8.176368)
(1052047736, 41.4467657, -8.1723412)
(1052047738, 41.4498321, -8.1708647)
(1052047742, 41.4491756, -8.1701479)
(1052047761, 41.4472233, -8.1750629)
(1052047778, 41.4493704, -8.1702676)
(1052047791, 41.4512756, -8.1849382)
(1052047797, 41.4454778, -8.1771942)
(1052047800, 41.4469357, -8.1731293)
(1052047801, 41.449265, -8.1703504)
(1052047814, 41.4522035, -8.1868144)
(1052047818, 41.4507286, -8.1690714)
(1052047820, 41.4464117, -8.1724432)
(1052047826, 41.4454079, -8.178665)
(1052047845, 41.4455299, -8.1733252)
(1052047846, 41.452499, -8.1872176)
(1052047850, 41.4499901, -8.171406)
(1052047859, 41.4520435, -8.1866583)
(1052047870, 41.4471277, -8.1742437)
(1052047871, 41.4464997, -8.1754404)
(1052047876, 41.4463781, -8.177093)
(1052047878, 41.4467299, -8.1723215)
(1052047898, 41.449281, -8.1700651)
(1052047900, 41.4453331, -8.178367)
(1052047902, 41.4505448, -8.1686204)
(1052047923, 41.4464471, -8.1815643)
(1052047928, 41.4463665, -8.1759025)
(1052047930, 41.4460464, -8.1765367)
(1052047944, 41.4507301, -8.1686156)
(1052047947, 41.446136, -8.1725733)
(1052047949, 41.4498004, -8.1713854)
(1052047962, 41.4457683, -8.1796984)
(1052047968, 41.4508731, -8.1689666)
(1052047974, 41.4470591, -8.1764167)
(1052047989, 41.4511194, -8.1847118)
(1052047990, 41.4470137, -8.1741364)
(1052048007, 41.4468786, -8.1733225)
(1052802706, 41.4486088, -8.1747695)
(1052802707, 41.4501838, -8.1648025)
(1052802710, 41.4555879, -8.1608371)
(1052802712, 41.4479303, -8.1753042)
(1052802721, 41.4552169, -8.1569507)
(1052802722, 41.4473227, -8.1751047)
(1052802726, 41.4495751, -8.1752573)
(1052802728, 41.4553884, -8.1615937)
(1052802754, 41.4547948, -8.1611612)
(1052802760, 41.4487445, -8.1677734)
(1052802775, 41.4554622, -8.1563383)
(1052802780, 41.4466033, -8.1756902)
(1052802784, 41.455611, -8.1616551)
(1052802793, 41.4555532, -8.1605748)
(1052802810, 41.4486619, -8.1719947)
(1052802816, 41.454868, -8.1577295)
(1052802819, 41.447699, -8.1750034)
(1052802828, 41.4493943, -8.166376)
(1052802854, 41.4488205, -8.1697689)
(1052802858, 41.4551483, -8.1596024)
(1052802868, 41.4548411, -8.1575203)
(1052802884, 41.4555847, -8.1622551)
(1052802890, 41.4511503, -8.1667591)
(1052802902, 41.455235, -8.1613523)
(1052802949, 41.4556341, -8.1611767)
(1052802958, 41.4551522, -8.1585309)
(1052802963, 41.4490875, -8.1750518)
(1052802976, 41.4465484, -8.1754853)
(1052802977, 41.4511396, -8.1681934)
(1052802978, 41.4499271, -8.1754663)
(1052802980, 41.4552871, -8.1599728)
(1052802990, 41.4482012, -8.1752872)
(1052802992, 41.4459595, -8.175975)
(1052803000, 41.4555091, -8.1619008)
(1052803014, 41.4550905, -8.1581208)
(1052803018, 41.4503173, -8.1757541)
(1052803019, 41.448771, -8.1750001)
(1052803023, 41.4551946, -8.1598494)
(1052803034, 41.4469776, -8.1752434)
(1052803035, 41.4458168, -8.1760675)
(1052803036, 41.4555347, -8.1631877)
(1052803043, 41.4544219, -8.1611819)
(1052803062, 41.4504031, -8.1757608)
(1052803078, 41.4555532, -8.1602815)
(1052803080, 41.4486556, -8.1722824)
(1052803082, 41.4550544, -8.1591436)
(1052803092, 41.4486973, -8.170627)
(1052803100, 41.4488058, -8.1675416)
(1052803108, 41.4487005, -8.1698166)
(1052803109, 41.4511271, -8.168786)
(1052803110, 41.4498754, -8.1754223)
(1052803111, 41.4554028, -8.160158)
(1052803116, 41.4548759, -8.1573524)
(1052803131, 41.4551054, -8.161274)
(1052938323, 41.4465289, -8.1806286)
(1052938325, 41.4452048, -8.1819496)
(1052938338, 41.4465367, -8.1827966)
(1052938341, 41.4431386, -8.1824702)
(1052938345, 41.444961, -8.1840526)
(1052938362, 41.4465616, -8.1804501)
(1052938372, 41.4465981, -8.1819643)
(1052938374, 41.4435314, -8.1824238)
(1052938380, 41.4464316, -8.1831923)
(1052938396, 41.4466047, -8.1823513)
(1052938398, 41.4461344, -8.1809081)
(1052938401, 41.4432111, -8.1826406)
(1052938415, 41.4450203, -8.1841268)
(1052938420, 41.4465416, -8.1810186)
(1052938423, 41.4463894, -8.1805141)
(1052938432, 41.4465657, -8.181408)
(1052938440, 41.4457656, -8.1840232)
(1052938445, 41.4472166, -8.1795867)
(1052938448, 41.445619, -8.1841085)
(1052938464, 41.4466492, -8.1802401)
(1052938467, 41.4459815, -8.1810913)
(1052938475, 41.4445574, -8.1820959)
(1052938479, 41.4462601, -8.1834778)
(1052938489, 41.447738, -8.1789876)
(1054703897, 41.4513401, -8.1719574)
(1054703898, 41.4515281, -8.17192)
(1054703900, 41.4514145, -8.171705)
(1054703910, 41.4517388, -8.1696201)
(1054703912, 41.4513353, -8.1717627)
(1054703914, 41.4514603, -8.171712)
(1054703920, 41.4514192, -8.1720077)
(1054703922, 41.4518009, -8.1693048)
(1054703923, 41.4515851, -8.1715021)
(1054703927, 41.4513175, -8.171906)
(1054703929, 41.4524226, -8.1633875)
(1054703932, 41.4515017, -8.1719681)
(1054703934, 41.4520185, -8.1687345)
(1054703937, 41.4465587, -8.1756085)
(1055447068, 41.4570166, -8.174042)
(1055447070, 41.4564749, -8.173956)
(1055447074, 41.4559116, -8.1733806)
(1055447084, 41.4556611, -8.1731117)
(1055447100, 41.455093, -8.1723635)
(1055447102, 41.4549482, -8.1723009)
(1055447105, 41.454828, -8.1723095)
(1055447108, 41.4545766, -8.1725208)
(1055447111, 41.4543192, -8.1726334)
(1055447134, 41.4524672, -8.1670151)
(1059564704, 41.4552824, -8.1770103)
(1059564705, 41.4556857, -8.1740162)
(1059564707, 41.4556472, -8.1742346)
(1059564843, 41.4526939, -8.1735363)
(1059564876, 41.4540034, -8.174219)
(1059564879, 41.4542454, -8.1741909)
(1059564881, 41.4544815, -8.1740583)
(1059564883, 41.4547229, -8.1760794)
(1059564886, 41.4551082, -8.1770921)
(1059564889, 41.4548216, -8.1769891)
(1109149310, 41.4580186, -8.1738756)
(1109149318, 41.4577464, -8.14655)
(1109149328, 41.4593629, -8.1723185)
(1109149340, 41.4585914, -8.1738826)
(1109149346, 41.45822, -8.1481045)
(1109149348, 41.4584075, -8.1740369)
(1109149377, 41.458728, -8.1731183)
(1109149411, 41.4586808, -8.1735951)
(1109149412, 41.4607747, -8.1551764)
(1109149441, 41.459057, -8.172562)
(1109149452, 41.4581324, -8.1476567)
(1109149453, 41.4588237, -8.1728141)
(1109149456, 41.4607679, -8.1553062)
(1109149458, 41.4581973, -8.1740228)
(1109149468, 41.4613759, -8.1566094)
(1109149473, 41.4577311, -8.1737977)
(1109149480, 41.459712, -8.1723976)
(1109164113, 41.4589412, -8.185472)
(1109164128, 41.455334, -8.1879597)
(1109164275, 41.4553477, -8.1907695)
(1109164282, 41.4562276, -8.1873687)
(1109164309, 41.4553178, -8.1894574)
(1109164322, 41.4551817, -8.1894374)
(1109164330, 41.4595623, -8.1849536)
(1109164356, 41.4603771, -8.1839811)
(1109164365, 41.4554149, -8.1885865)
(1109164399, 41.4559779, -8.187618)
(1109164549, 41.4562617, -8.1874645)
(1109164579, 41.455357, -8.1881867)
(1109164684, 41.4600213, -8.1844824)
(1109164713, 41.4552278, -8.1894432)
(1109164797, 41.4555639, -8.1882236)
(1109164801, 41.459577, -8.1849905)
(1109164820, 41.452956, -8.1872063)
(1109164935, 41.4558591, -8.1879183)
(1109164943, 41.455311, -8.1884874)
(1109164946, 41.4552995, -8.1900179)
(1109165000, 41.4554901, -8.1886329)
(1109165007, 41.4552098, -8.188966)
(1207544164, 41.4450993, -8.1683757)
(1207544168, 41.4449565, -8.1681874)
(1207544172, 41.4451472, -8.1683483)
(1207544173, 41.4450568, -8.168321)
(1207544184, 41.4450406, -8.1683303)
(1207544185, 41.4451787, -8.168446)
(1207544188, 41.4448658, -8.1681036)
(1207544192, 41.4449045, -8.1680814)
(1207585357, 41.4562121, -8.1696922)
(1207585360, 41.4578471, -8.1739462)
(1207585365, 41.4577961, -8.1742144)
(1207585368, 41.4573156, -8.1747518)
(1207585369, 41.4534429, -8.1699689)
(1207585371, 41.4586247, -8.1718984)
(1207585385, 41.4533753, -8.1700635)
(1207585401, 41.4577921, -8.1748045)
(1207585405, 41.4532149, -8.1704575)
(1207585409, 41.4505294, -8.1641711)
(1207585423, 41.4575566, -8.1724806)
(1207585436, 41.4575529, -8.1707271)
(1207585454, 41.4566251, -8.1726416)
(1207585464, 41.4570202, -8.1750942)
(1207585492, 41.4562941, -8.1696732)
(1207585497, 41.4571607, -8.1727131)
(1207585508, 41.4578529, -8.1738068)
(1207585527, 41.4566874, -8.1727135)
(1207585532, 41.4577197, -8.1748099)
(1207585554, 41.457676, -8.1732853)
(1207585584, 41.457656, -8.1712952)
(1207585587, 41.4575484, -8.1738692)
(1207585624, 41.457575, -8.1748367)
(1207585629, 41.4562327, -8.1738279)
(1207585635, 41.4584799, -8.1717519)
(1207585644, 41.4575308, -8.1713981)
(1207585646, 41.4540688, -8.1697734)
(1207585653, 41.4574343, -8.1747992)
(1207585661, 41.4535299, -8.1699266)
(1207585677, 41.4589537, -8.1726737)
(1207585680, 41.450454, -8.164113)
(1207585686, 41.4572011, -8.1740696)
(1207585695, 41.4575203, -8.1743559)
(1207585698, 41.4569036, -8.1751317)
(1207585732, 41.4576016, -8.1721344)
(1207585741, 41.4541395, -8.1697891)
(1207585753, 41.4571598, -8.1714387)
(1207585756, 41.4576595, -8.171411)
(1207585759, 41.4563169, -8.1726393)
(1207585763, 41.4532077, -8.1705306)
(1207585766, 41.4569916, -8.1714735)
(1207585783, 41.4571883, -8.1728568)
(1207585798, 41.4589179, -8.1726105)
(1207585820, 41.456534, -8.1717212)
(1207585823, 41.4576916, -8.1743003)
(1207585825, 41.4504346, -8.1643905)
(1207585829, 41.4564825, -8.1735444)
(1207585835, 41.4571689, -8.1749869)
(1207585866, 41.4569381, -8.1728496)
(1207585868, 41.4571706, -8.1733903)
(1207585871, 41.4573758, -8.1745326)
(1207585894, 41.4572958, -8.1740372)
(1207585912, 41.4579028, -8.1727112)
(1207596215, 41.4503591, -8.1643324)
(1229010122, 41.4458334, -8.1763743)
(1229010123, 41.4454009, -8.175924)
(1229010127, 41.4446003, -8.1734508)
(1229010128, 41.4446179, -8.1702714)
(1229010129, 41.4457853, -8.1764344)
(1229010130, 41.4458964, -8.1762361)
(1229010132, 41.4455457, -8.1763019)
(1229010133, 41.4458683, -8.1763092)
(1229010134, 41.4455857, -8.176185)
(1229010141, 41.4445882, -8.1731951)
(1229010142, 41.4450766, -8.169668)
(1229010143, 41.4443552, -8.1713789)
(1229010144, 41.4446885, -8.1738472)
(1229010145, 41.4443878, -8.1716245)
(1229010147, 41.4444559, -8.170632)
(1229010148, 41.4458869, -8.176123)
(1229010149, 41.4457593, -8.1759477)
(1229010152, 41.445524, -8.1754784)
(1229010153, 41.4455587, -8.1764414)
(1229010154, 41.4453028, -8.1750604)
(1229010160, 41.4456821, -8.1764917)
(1229010163, 41.4455182, -8.1764819)
(1229047654, 41.4455293, -8.1762496)
(1229047667, 41.4480975, -8.1751168)
(1229047670, 41.445476, -8.1769291)
(1229047674, 41.4456524, -8.1766197)
(1229047680, 41.4479065, -8.1749673)
(1229047698, 41.4479549, -8.1752364)
(1229047701, 41.4485552, -8.1749074)
(1229047705, 41.448433, -8.1749612)
(1229047708, 41.448171, -8.1749538)
(1238411750, 41.4510825, -8.172313)
(1238411752, 41.4478824, -8.1749128)
(1238411753, 41.448524, -8.1748577)
(1238411760, 41.4485492, -8.174798)
(1238411761, 41.4470981, -8.1733571)
(1238411762, 41.4510986, -8.1732879)
(1238411765, 41.4484827, -8.174896)
(1238411771, 41.4511415, -8.1724488)
(1238411774, 41.447701, -8.1728517)
(1238411775, 41.4477627, -8.1721136)
(1238411777, 41.4482106, -8.173158)
(1238411779, 41.4511181, -8.1711758)
(1238411788, 41.4512277, -8.1722701)
(1238411791, 41.4511187, -8.1725665)
(1238411795, 41.4571046, -8.1709191)
(1238411811, 41.4475599, -8.172101)
(1238411813, 41.4469981, -8.1732636)
(1238411820, 41.4470803, -8.1740705)
(1238411822, 41.4511695, -8.1712845)
(1238411826, 41.4471711, -8.1741719)
(1238411828, 41.4504348, -8.1708243)
(1238411830, 41.4472327, -8.172207)
(1238411837, 41.4469136, -8.1723295)
(1238411839, 41.4469286, -8.1722606)
(1238411841, 41.4468272, -8.1721998)
(1238411845, 41.4471216, -8.1721278)
(1238411852, 41.4469676, -8.1733938)
(1238411853, 41.4470755, -8.173161)
(1238411856, 41.4480142, -8.1721332)
(1238411858, 41.4485822, -8.1721507)
(1238411860, 41.448767, -8.1721596)
(1238411864, 41.4473888, -8.1749802)
(1238411872, 41.4472488, -8.1741885)
(1238411874, 41.4511308, -8.1733589)
(1238411878, 41.4485837, -8.1732391)
(1238411886, 41.4476126, -8.1722913)
(1238411888, 41.4474255, -8.1750185)
(1238411890, 41.4472867, -8.1740629)
(1238411893, 41.4476505, -8.1722836)
(1238411894, 41.4472187, -8.1740475)
(1238411895, 41.4512854, -8.1720356)
(1238411904, 41.4509615, -8.1709852)
(1238411910, 41.447592, -8.1721902)
(1238411911, 41.448167, -8.1748791)
(1238411912, 41.4471535, -8.173256)
(1238420221, 41.4502692, -8.1644231)
(1238420222, 41.4503099, -8.1645019)
(1238420223, 41.4510872, -8.1651199)
(1238420224, 41.4517251, -8.1649074)
(1238420226, 41.4512147, -8.1651057)
(1238420229, 41.4502954, -8.164457)
(1238420243, 41.4509775, -8.1638343)
(1238420246, 41.4503105, -8.1645508)
(1238420248, 41.4510036, -8.1640033)
(1238420253, 41.4524506, -8.1648465)
(1238420255, 41.4524672, -8.1638558)
(1238420257, 41.4501986, -8.1644058)
(1238420266, 41.4524818, -8.1658983)
(1238420272, 41.4527328, -8.1648073)
(1238420280, 41.4516188, -8.1636954)
(1238420282, 41.4505273, -8.1642904)
(1238420287, 41.4509634, -8.1635285)
(1238420290, 41.4518738, -8.1650601)
(1238420293, 41.4521963, -8.1641423)
(1238420316, 41.4522702, -8.1641776)
(1238420323, 41.4523492, -8.1637452)
(1238420324, 41.4513313, -8.1636412)
(1238420325, 41.4509092, -8.1635709)
(1238420326, 41.4508007, -8.1643065)
(1238420328, 41.4530871, -8.1652238)
(1238420330, 41.4506418, -8.1634749)
(1238420339, 41.4502715, -8.1646311)
(1238420342, 41.4510599, -8.1635071)
(1238420345, 41.450165, -8.1644251)
(1238420349, 41.4514818, -8.1637819)
(1238420351, 41.4502379, -8.1646505)
(1238420353, 41.4514097, -8.1636841)
(1238420359, 41.4524457, -8.1650139)
(1238420361, 41.4525335, -8.1643493)
(1238420374, 41.4501673, -8.1646332)
(1238420376, 41.4504854, -8.1644865)
(1238420380, 41.4524649, -8.1642791)
(1238420388, 41.4509293, -8.1636439)
(1238420391, 41.450297, -8.1645961)
(1238420395, 41.4506117, -8.1644406)
(1238420398, 41.4522839, -8.1638478)
(1238420401, 41.4505995, -8.1636412)
(1238420403, 41.4517192, -8.1634605)
(1238420404, 41.450126, -8.1645055)
(1238420407, 41.4501265, -8.1645543)
(1238420410, 41.4504109, -8.1644907)
(1238420412, 41.4501395, -8.1644602)
(1238420421, 41.452628, -8.1645531)
(1238420426, 41.4507302, -8.1632684)
(1238420428, 41.4526024, -8.163926)
(1238420447, 41.4516886, -8.1638677)
(1238420449, 41.4505513, -8.1637619)
(1238420451, 41.4514419, -8.1650842)
(1238420453, 41.4501062, -8.1642743)
(1238420455, 41.4517298, -8.1650663)
(1238420457, 41.4505072, -8.1640973)
(1238420459, 41.4505635, -8.1641456)
(1238420462, 41.4502352, -8.1644051)
(1238420465, 41.4529867, -8.1651499)
(1238420468, 41.4507986, -8.1633757)
(1238420471, 41.4518841, -8.1639965)
(1238420475, 41.4525903, -8.1638758)
(1238420477, 41.4517277, -8.1645535)
(1238420479, 41.451691, -8.1631192)
(1238420481, 41.4500012, -8.1641189)
(1238420483, 41.4502013, -8.1646512)
(1238429122, 41.4538251, -8.1656149)
(1238429125, 41.4534799, -8.1657105)
(1239300043, 41.4540594, -8.1704988)
(1239300050, 41.4524365, -8.1869538)
(1239300051, 41.4535639, -8.1851754)
(1239300052, 41.4528244, -8.1867828)
(1239302237, 41.4449287, -8.1681566)
(1241362468, 41.4448909, -8.1714564)
(1241362470, 41.4487981, -8.1663775)
(1241362472, 41.4454279, -8.1729919)
(1241362478, 41.4551929, -8.1688157)
(1241362480, 41.44551, -8.1746541)
(1241362481, 41.45597, -8.1684126)
(1241362483, 41.4464866, -8.1723074)
(1241362484, 41.4458708, -8.169911)
(1241362486, 41.4546115, -8.1656471)
(1241362488, 41.4474454, -8.166108)
(1241362489, 41.4559246, -8.1682315)
(1241362490, 41.4457769, -8.1692636)
(1241362494, 41.4461683, -8.1690005)
(1241362497, 41.4452184, -8.1713728)
(1241362500, 41.4555914, -8.1680022)
(1241362511, 41.4466292, -8.1665243)
(1241362512, 41.4454059, -8.1724178)
(1241362518, 41.4473385, -8.1677874)
(1241362520, 41.4460313, -8.16646)
(1241362524, 41.4479409, -8.1664019)
(1241362525, 41.4477313, -8.1705425)
(1241362527, 41.4467107, -8.1704331)
(1241362528, 41.4458239, -8.1717279)
(1241362529, 41.445753, -8.1752944)
(1241362530, 41.4472327, -8.1653653)
(1241362531, 41.4451382, -8.1703371)
(1241362532, 41.4381736, -8.1787463)
(1241362535, 41.4454826, -8.1715316)
(1241362538, 41.446561, -8.1675842)
(1241362540, 41.4486979, -8.1663816)
(1241362545, 41.4559504, -8.1669261)
(1241362546, 41.4483976, -8.1654105)
(1241362547, 41.4550907, -8.1693458)
(1241362550, 41.4560021, -8.1686569)
(1241362551, 41.4464745, -8.1665608)
(1241362553, 41.4454801, -8.1696068)
(1241362557, 41.4477234, -8.1664598)
(1241362558, 41.447246, -8.170593)
(1241362560, 41.4457425, -8.1693555)
(1241362561, 41.4557409, -8.1691838)
(1241362563, 41.4461307, -8.1695309)
(1241362564, 41.4453042, -8.1716569)
(1241362565, 41.4455098, -8.1751067)
(1241362572, 41.4484224, -8.1654878)
(1241362574, 41.4480874, -8.1674593)
(1241362575, 41.446482, -8.1721028)
(1241362578, 41.4456112, -8.1749988)
(1241362579, 41.4553977, -8.1666876)
(1241362581, 41.4477527, -8.165391)
(1241362582, 41.4395217, -8.1769362)
(1241362583, 41.4487317, -8.1681907)
(1241362584, 41.4454248, -8.174645)
(1241362585, 41.4557241, -8.1690875)
(1241362586, 41.444516, -8.1721694)
(1241362587, 41.4458183, -8.1662536)
(1241362588, 41.4460553, -8.1725173)
(1241362590, 41.4458618, -8.1755053)
(1241362591, 41.4544078, -8.1654)
(1241362595, 41.4460305, -8.1688877)
(1241362596, 41.4447348, -8.1722695)
(1241362597, 41.4456946, -8.174936)
(1241362598, 41.4473522, -8.1662796)
(1241362599, 41.4451439, -8.1715066)
(1241362602, 41.4549872, -8.1677767)
(1241362604, 41.4450669, -8.1726908)
(1241362606, 41.4453355, -8.1715107)
(1241362607, 41.4546023, -8.1672534)
(1241362608, 41.4492364, -8.1663524)
(1241362612, 41.448006, -8.1705584)
(1241362613, 41.4483093, -8.1653022)
(1241362616, 41.445729, -8.1744591)
(1241362617, 41.4550411, -8.1666984)
(1241362618, 41.4465283, -8.1703872)
(1241362622, 41.4472006, -8.1704775)
(1241362625, 41.4459666, -8.1688363)
(1241362627, 41.4461777, -8.1692803)
(1241362628, 41.4452384, -8.1717739)
(1241362634, 41.4547821, -8.1665372)
(1241362635, 41.4485445, -8.1663148)
(1241362637, 41.4447041, -8.1736578)
(1241362640, 41.4553799, -8.1659063)
(1241362642, 41.4476464, -8.1654573)
(1241362645, 41.4559769, -8.1687664)
(1241362647, 41.4446499, -8.1724528)
(1241362650, 41.4461073, -8.1752946)
(1241362652, 41.4478194, -8.1665055)
(1241362654, 41.4460997, -8.1696226)
(1241362656, 41.444772, -8.1735055)
(1241362657, 41.4458176, -8.1687165)
(1241362659, 41.4445661, -8.1723873)
(1241362661, 41.447115, -8.1661016)
(1241362663, 41.4450068, -8.1737034)
(1241362664, 41.4455717, -8.1714529)
(1241362665, 41.4551556, -8.1682329)
(1241362667, 41.4467122, -8.1722241)
(1241362669, 41.4470211, -8.1677617)
(1241362671, 41.4490079, -8.1663649)
(1241362672, 41.4392138, -8.1773058)
(1241362673, 41.444652, -8.1722474)
(1241362674, 41.4457447, -8.1662301)
(1241362675, 41.4553938, -8.1665175)
(1241362677, 41.4558931, -8.1671518)
(1241362678, 41.4474242, -8.1663004)
(1241362679, 41.4451623, -8.1732019)
(1241362680, 41.455907, -8.1683303)
(1241362681, 41.4463029, -8.1702452)
(1241362682, 41.4458598, -8.1747435)
(1241362684, 41.4381621, -8.1794453)
(1241362685, 41.4558623, -8.1684347)
(1241362686, 41.4452802, -8.1734647)
(1241362687, 41.445899, -8.168988)
(1241362690, 41.4459652, -8.169984)
(1241362691, 41.4540606, -8.164665)
(1241362692, 41.4558801, -8.1675242)
(1241362694, 41.4548137, -8.1663866)
(1241362695, 41.4484462, -8.1661231)
(1241362697, 41.4468683, -8.16631)
(1241362698, 41.4552877, -8.1659097)
(1241362700, 41.4481931, -8.1652725)
(1241362701, 41.4551445, -8.1689044)
(1241362702, 41.4404192, -8.1761396)
(1241362706, 41.4445729, -8.1727019)
(1241362709, 41.4550368, -8.1665374)
(1241362711, 41.4547546, -8.1661417)
(1241362712, 41.4454209, -8.1751009)
(1241362713, 41.4479053, -8.1664919)
(1241362715, 41.4554625, -8.1686626)
(1241362716, 41.44561, -8.1668291)
(1241362717, 41.4446992, -8.1734718)
(1241362718, 41.4461871, -8.1691049)
(1241362720, 41.44511, -8.1718992)
(1241362723, 41.4451533, -8.1705509)
(1241362724, 41.4448321, -8.1738413)
(1241362726, 41.4550648, -8.168191)
(1241362729, 41.4452343, -8.1725577)
(1241362731, 41.4550082, -8.1672939)
(1241362732, 41.4475598, -8.1655933)
(1241362734, 41.4479935, -8.1672619)
(1241362735, 41.4447973, -8.1722124)
(1241362736, 41.445478, -8.1663705)
(1241362739, 41.4551084, -8.1694593)
(1241362741, 41.4553006, -8.168167)
(1241362744, 41.4456642, -8.1716486)
(1241362745, 41.4458243, -8.1752402)
(1241362746, 41.447091, -8.1660298)
(1241362747, 41.4472174, -8.1707238)
(1241362748, 41.4382723, -8.1785087)
(1241362749, 41.4555037, -8.1686413)
(1241362751, 41.4549869, -8.1675394)
(1241362752, 41.4460587, -8.169744)
(1241362753, 41.4539152, -8.1654917)
(1241362755, 41.4468768, -8.1676355)
(1241374673, 41.449917, -8.1682153)
(1241374674, 41.4499998, -8.168553)
(1241374675, 41.4497757, -8.1681768)
(1241374676, 41.4500488, -8.1685147)
(1241374677, 41.4498791, -8.1681472)
(1241374678, 41.4498178, -8.1681553)
(1241374679, 41.4498454, -8.1681736)
(1241374681, 41.4497877, -8.1681635)
(1241374682, 41.4498327, -8.1681614)
(1241374683, 41.4499111, -8.1682199)
(1241374684, 41.4498023, -8.168156)
(1241380421, 41.4526337, -8.1703005)
(1241380422, 41.4525872, -8.1694692)
(1241380424, 41.4526553, -8.1697296)
(1241380425, 41.4527511, -8.1697891)
(1241380427, 41.4526846, -8.1694904)
(1241380428, 41.4528992, -8.1699032)
(1241380429, 41.4528526, -8.1703611)
(1241380433, 41.4527413, -8.1698687)
(1241380435, 41.452548, -8.1697884)
(1241380436, 41.4528379, -8.1698898)
(1242512314, 41.4487129, -8.176724)
(1242512324, 41.4499345, -8.1686041)
(1242512326, 41.4472329, -8.1763258)
(1242512328, 41.4480557, -8.177852)
(1242512331, 41.4478092, -8.1761278)
(1242512332, 41.4498568, -8.1652978)
(1242512337, 41.4484124, -8.176832)
(1242512342, 41.44841, -8.175906)
(1242512345, 41.44783, -8.175311)
(1242512347, 41.448827, -8.1764799)
(1242512348, 41.4469838, -8.1755243)
(1242512356, 41.449951, -8.1642451)
(1242512358, 41.4486007, -8.1772345)
(1242512360, 41.4476558, -8.1773767)
(1242512362, 41.4499505, -8.1643031)
(1242512365, 41.4484914, -8.1768429)
(1242512370, 41.4484723, -8.1774028)
(1242512374, 41.4499617, -8.1686659)
(1242512376, 41.4473131, -8.1764182)
(1242512378, 41.4488996, -8.1759541)
(1242512380, 41.447787, -8.175963)
(1242512381, 41.447813, -8.1765401)
(1242512387, 41.4484414, -8.175451)
(1242512388, 41.447693, -8.1759755)
(1242512394, 41.4486584, -8.1759275)
(1242512403, 41.4494175, -8.1649352)
(1242512408, 41.4482066, -8.1758985)
(1242512409, 41.4483963, -8.1774858)
(1242512410, 41.4486285, -8.1766605)
(1242512417, 41.4499722, -8.164216)
(1242512419, 41.447949, -8.1769448)
(1242512425, 41.450027, -8.1686147)
(1242512426, 41.4474859, -8.1765002)
(1242512431, 41.448254, -8.1776355)
(1242512433, 41.4474256, -8.1760456)
(1242512435, 41.4479707, -8.1770071)
(1242512437, 41.4474608, -8.1785482)
(1242512440, 41.4487306, -8.177851)
(1242512443, 41.4486988, -8.1754489)
(1242512446, 41.4475849, -8.1776206)
(1242512449, 41.4500777, -8.1644578)
(1242512451, 41.4483246, -8.1783125)
(1242512453, 41.4476409, -8.1755424)
(1242512454, 41.4482427, -8.1767632)
(1242512461, 41.4478763, -8.1759057)
(1242512463, 41.4477229, -8.1765154)
(1242512466, 41.4501055, -8.164786)
(1242512467, 41.4482046, -8.1768549)
(1242512475, 41.4489836, -8.1753375)
(1242512477, 41.4471422, -8.1761224)
(1242512478, 41.4486607, -8.1777363)
(1242512479, 41.4482846, -8.1766709)
(1242512481, 41.4471702, -8.178084)
(1242512484, 41.4473624, -8.1755798)
(1242959119, 41.4518882, -8.1661696)
(1242959120, 41.4521235, -8.1677773)
(1242959121, 41.4516502, -8.1669508)
(1242959122, 41.453144, -8.1664772)
(1242959123, 41.4520557, -8.1680789)
(1242959124, 41.4520552, -8.1681014)
(1242959126, 41.4497677, -8.1681946)
(1242959128, 41.4520204, -8.1681516)
(1242959130, 41.4511482, -8.1680145)
(1242959131, 41.4516877, -8.1684794)
(1242959137, 41.4526507, -8.1697671)
(1242959139, 41.4530588, -8.166482)
(1242959142, 41.452317, -8.1670126)
(1242959144, 41.4526455, -8.1698097)
(1242959147, 41.4519852, -8.1681773)
(1242959153, 41.4515552, -8.1680307)
(1242959158, 41.4518012, -8.1660712)
(1242959160, 41.4520067, -8.1682081)
(1242959168, 41.4516191, -8.1668786)
(1242959171, 41.4517227, -8.1686802)
(1242959174, 41.4521022, -8.1678287)
(1242959175, 41.4519425, -8.1682779)
(1242959179, 41.4522723, -8.1670794)
(1242959181, 41.4515251, -8.1680555)
(1242959182, 41.4528523, -8.1697726)
(1242959185, 41.4517343, -8.1683644)
(1242959187, 41.4526757, -8.1698544)
(1246640800, 41.4513257, -8.1732822)
(1246640806, 41.444386, -8.1679106)
(1246640828, 41.4447649, -8.1679323)
(1246640834, 41.4527095, -8.1732276)
(1246640851, 41.4522781, -8.1721321)
(1246640852, 41.4450956, -8.1668262)
(1246640854, 41.445104, -8.1666562)
(1246640861, 41.4458775, -8.1682583)
(1246640863, 41.4518808, -8.1702948)
(1246640870, 41.4469858, -8.1678406)
(1246640877, 41.4539828, -8.1725247)
(1246640879, 41.4514251, -8.1731551)
(1246640900, 41.4538353, -8.1733092)
(1246640902, 41.4524287, -8.1711802)
(1246640905, 41.4444299, -8.1681146)
(1246640927, 41.4450698, -8.1671361)
(1246640930, 41.4535561, -8.1723539)
(1246640938, 41.4464193, -8.167962)
(1246640946, 41.4469559, -8.1684202)
(1246640947, 41.4527274, -8.172174)
(1246640949, 41.4528152, -8.1721938)
(1246640954, 41.453972, -8.1726577)
(1246640956, 41.4516946, -8.17273)
(1246640967, 41.4460712, -8.1668295)
(1246640980, 41.4455114, -8.1681194)
(1246640984, 41.4439314, -8.1680625)
(1246640997, 41.4478379, -8.1679188)
(1246641001, 41.4452714, -8.1673998)
(1246641006, 41.4516572, -8.1708023)
(1246641023, 41.453972, -8.1728557)
(1246641024, 41.4477996, -8.1676894)
(1246641026, 41.4519003, -8.1724716)
(1246641031, 41.4455295, -8.1671258)
(1246641048, 41.4438396, -8.1683108)
(1246641058, 41.447808, -8.1684985)
(1246641075, 41.4517787, -8.1709485)
(1246641076, 41.4453911, -8.1680799)
(1246641096, 41.4539017, -8.1731111)
(1246641123, 41.452336, -8.172101)
(1249745158, 41.4459461, -8.1784166)
(1249745160, 41.4507472, -8.1763604)
(1249745163, 41.4480907, -8.1806737)
(1249745174, 41.4511089, -8.1778494)
(1249745178, 41.4499788, -8.1817071)
(1249745183, 41.4418581, -8.1759813)
(1249745190, 41.4465728, -8.1784972)
(1249745192, 41.450263, -8.1782311)
(1249745194, 41.4512045, -8.1816868)
(1249745196, 41.4473067, -8.1808595)
(1249745197, 41.4420938, -8.1799767)
(1249745198, 41.4506262, -8.18232)
(1249745205, 41.4425655, -8.1791355)
(1249745209, 41.4441041, -8.1713287)
(1249745210, 41.4506633, -8.178758)
(1249745211, 41.4485713, -8.1816657)
(1249745212, 41.4497785, -8.1828105)
(1249745222, 41.4519591, -8.1797363)
(1249745223, 41.4448428, -8.1743296)
(1249745225, 41.4444629, -8.1776855)
(1249745226, 41.4523616, -8.1781413)
(1249745237, 41.45267, -8.1807469)
(1249745240, 41.4519587, -8.1824955)
(1249745242, 41.4496327, -8.1796808)
(1249745243, 41.4451414, -8.1750312)
(1249745252, 41.451325, -8.1806698)
(1249745253, 41.4420934, -8.1793547)
(1249745254, 41.4521836, -8.1804769)
(1249745256, 41.443388, -8.1748951)
(1249745258, 41.4511874, -8.1799727)
(1249745268, 41.4447115, -8.1753039)
(1249745269, 41.4428567, -8.1781556)
(1249745272, 41.4527806, -8.1812704)
(1249745273, 41.4437291, -8.1771001)
(1249745277, 41.4517484, -8.1784522)
(1249745282, 41.4424238, -8.178414)
(1249745284, 41.4417122, -8.1758594)
(1249745286, 41.4502968, -8.1826249)
(1249745289, 41.4439603, -8.1759912)
(1249745293, 41.44329, -8.1735436)
(1249745298, 41.4500083, -8.182943)
(1249745302, 41.4511874, -8.1783945)
(1249745307, 41.4446564, -8.1746048)
(1249745313, 41.4513379, -8.1821701)
(1249745315, 41.4420267, -8.180171)
(1249745318, 41.4429377, -8.1757243)
(1249745320, 41.4528816, -8.1800747)
(1249745322, 41.4434739, -8.1714032)
(1249745324, 41.4440649, -8.1728432)
(1249745328, 41.4506376, -8.1788842)
(1249745329, 41.4521732, -8.1825635)
(1249745331, 41.4484803, -8.1802384)
(1249745333, 41.4526675, -8.1791227)
(1249745337, 41.4456929, -8.1780003)
(1249745339, 41.4502316, -8.1761279)
(1249745341, 41.448637, -8.18004)
(1249745344, 41.4451173, -8.1769591)
(1249745349, 41.4509674, -8.1773498)
(1249745364, 41.4517644, -8.1825104)
(1249745366, 41.4525082, -8.1798915)
(1249745367, 41.450092, -8.1798656)
(1249745368, 41.4462771, -8.17805)
(1249745379, 41.4480617, -8.1807082)
(1249745381, 41.4414787, -8.1811117)
(1249745382, 41.4473762, -8.1799505)
(1249745385, 41.4436525, -8.1713137)
(1249745387, 41.4450218, -8.175893)
(1249745391, 41.4498811, -8.1820107)
(1249745392, 41.4515385, -8.171863)
(1249745393, 41.4437037, -8.1754927)
(1249745395, 41.4449701, -8.1772347)
(1249745397, 41.4501806, -8.1827773)
(1249745399, 41.4536896, -8.1804027)
(1249745400, 41.4439995, -8.1711074)
(1249745403, 41.442069, -8.1776141)
(1249745404, 41.4509568, -8.1827244)
(1249745406, 41.4518919, -8.1793054)
(1249745408, 41.4473329, -8.1783455)
(1249745409, 41.4514602, -8.1807749)
(1249745410, 41.448365, -8.1825424)
(1249745411, 41.4504136, -8.1811949)
(1249745412, 41.4434103, -8.1781441)
(1249745413, 41.4520025, -8.1805312)
(1249745414, 41.4499101, -8.1829056)
(1249745415, 41.4416531, -8.1764838)
(1249745416, 41.442875, -8.1739266)
(1249745417, 41.4513301, -8.1797482)
(1249745419, 41.4450648, -8.1750116)
(1249745421, 41.4515061, -8.1814816)
(1249745422, 41.4434015, -8.1751936)
(1249745424, 41.4534016, -8.181561)
(1249745425, 41.4429546, -8.1756176)
(1249745426, 41.4437334, -8.1709403)
(1249745427, 41.4503764, -8.1786652)
(1249745428, 41.4482458, -8.1798611)
(1249745429, 41.4511938, -8.1798102)
(1249745431, 41.4505722, -8.1764102)
(1249745432, 41.4483007, -8.1804369)
(1249745433, 41.4417477, -8.178059)
(1249745434, 41.4474208, -8.1799001)
(1249745439, 41.4441159, -8.1742173)
(1249745440, 41.4501407, -8.1815274)
(1249745446, 41.443872, -8.1760843)
(1249745448, 41.4501665, -8.1782575)
(1249745452, 41.4512326, -8.1816072)
(1249745454, 41.4420938, -8.179778)
(1249745455, 41.4526135, -8.1819091)
(1249745457, 41.4426449, -8.1793164)
(1249745458, 41.4426751, -8.1718717)
(1249745464, 41.4515795, -8.1811891)
(1249745465, 41.4444787, -8.1747802)
(1249745468, 41.4503779, -8.1763106)
(1249745469, 41.444791, -8.174467)
(1249745471, 41.4515072, -8.1809608)
(1249745476, 41.4452279, -8.176416)
(1249745479, 41.4419995, -8.1763147)
(1249745483, 41.4512852, -8.1781079)
(1249745486, 41.4526783, -8.1791875)
(1249745487, 41.4531174, -8.1796667)
(1249745489, 41.4503505, -8.1811019)
(1249745490, 41.4425887, -8.179381)
(1249745491, 41.4518748, -8.1798399)
(1249745492, 41.4480609, -8.1805708)
(1249745493, 41.4441904, -8.176671)
(1249745494, 41.4513509, -8.1798637)
(1249745496, 41.4514545, -8.1809818)
(1249745501, 41.4444347, -8.1735383)
(1249745502, 41.4514631, -8.1782555)
(1249745503, 41.4424333, -8.1786882)
(1249745508, 41.4461586, -8.1774625)
(1249745509, 41.4489031, -8.179497)
(1249745511, 41.4435695, -8.1777951)
(1249745512, 41.4425572, -8.172077)
(1249745513, 41.4500563, -8.1828949)
(1249745515, 41.4441896, -8.1742433)
(1249745516, 41.4509085, -8.1796306)
(1249745517, 41.450782, -8.1825871)
(1249745520, 41.4502949, -8.1780738)
(1249745521, 41.4425316, -8.1786821)
(1249745522, 41.4514873, -8.1811009)
(1249745523, 41.4486092, -8.1810267)
(1249745525, 41.4528139, -8.1820042)
(1249745527, 41.4523307, -8.1798283)
(1249745528, 41.4430844, -8.1716425)
(1249745533, 41.4459162, -8.1777325)
(1249745535, 41.4488483, -8.1797632)
(1249745536, 41.4451857, -8.1767068)
(1249745540, 41.4480064, -8.1823398)
(1249745542, 41.4506728, -8.1803155)
(1249745543, 41.4416182, -8.1750609)
(1249745547, 41.4468228, -8.1789087)
(1249745548, 41.4501625, -8.1781192)
(1249745551, 41.4414874, -8.1807163)
(1249745553, 41.447549, -8.1802123)
(1249745554, 41.4419965, -8.1791247)
(1249745557, 41.4474515, -8.1819379)
(1249745559, 41.4511489, -8.1792734)
(1249745561, 41.4515024, -8.1717451)
(1249745564, 41.4442401, -8.1777481)
(1249745567, 41.4530181, -8.1801327)
(1249745568, 41.4441223, -8.1711611)
(1249745569, 41.4434932, -8.1751056)
(1249745570, 41.4498956, -8.1785635)
(1249745571, 41.4510403, -8.1827382)
(1249745572, 41.4519527, -8.1795292)
(1249745574, 41.4470383, -8.1786681)
(1249745577, 41.4505291, -8.1816743)
(1249745578, 41.4434801, -8.1778884)
(1249745582, 41.4512451, -8.1794702)
(1249745586, 41.4428511, -8.1783221)
(1249745587, 41.4515374, -8.1814136)
(1249745590, 41.4436405, -8.1770683)
(1249745592, 41.4422824, -8.1769233)
(1249745593, 41.4480142, -8.1801159)
(1249745594, 41.4417969, -8.1759649)
(1249745595, 41.4464962, -8.1770493)
(1249745596, 41.4506447, -8.1764033)
(1249745598, 41.4416909, -8.1776163)
(1249745600, 41.4426359, -8.1790787)
(1249745602, 41.4508301, -8.1766402)
(1249745605, 41.4511409, -8.1786575)
(1249745607, 41.4426181, -8.1753711)
(1249745610, 41.4513027, -8.1822402)
(1249745611, 41.4487185, -8.1816193)
(1249745614, 41.4460782, -8.176419)
(1249745615, 41.4419036, -8.1791425)
(1249745617, 41.4425123, -8.1719762)
(1249745619, 41.4502367, -8.1826918)
(1249745621, 41.4507161, -8.1825111)
(1249745622, 41.4451673, -8.1761613)
(1249745626, 41.4511922, -8.1780694)
(1249745627, 41.4418861, -8.1790099)
(1249745630, 41.4515258, -8.1720462)
(1249745633, 41.442701, -8.1778387)
(1249745635, 41.4478191, -8.1807605)
(1249745636, 41.4415887, -8.1804639)
(1249745638, 41.4518557, -8.1795814)
(1249745639, 41.4438952, -8.171288)
(1249745640, 41.4511602, -8.1771621)
(1249745642, 41.4498202, -8.1824149)
(1249745643, 41.4425955, -8.1786471)
(1249745644, 41.4525812, -8.1828063)
(1249745645, 41.4447411, -8.1775071)
(1249745649, 41.4521079, -8.1787214)
(1249745650, 41.4420258, -8.177599)
(1249745652, 41.4520608, -8.1797029)
(1249745653, 41.4497496, -8.1796813)
(1249745654, 41.446353, -8.1772273)
(1249745656, 41.4514178, -8.1806225)
(1249745657, 41.4488952, -8.1792307)
(1249745658, 41.4515302, -8.1717988)
(1249745667, 41.4510544, -8.1791323)
(1249745670, 41.4506799, -8.1760887)
(1249745672, 41.4493529, -8.1797866)
(1249745674, 41.4449231, -8.1751213)
(1249745678, 41.4418099, -8.178669)
(1249745680, 41.4513927, -8.1809577)
(1249745689, 41.4436426, -8.170886)
(1249745693, 41.4486685, -8.1799986)
(1249745695, 41.4512932, -8.1797546)
(1249763033, 41.4502951, -8.1647149)
(1249763034, 41.4500434, -8.1652068)
(1249763035, 41.4500995, -8.1650913)
(1249763036, 41.4505211, -8.1649116)
(1249763038, 41.4503015, -8.1650314)
(1249763043, 41.4505547, -8.1647448)
(1249763044, 41.450348, -8.1646294)
(1249763046, 41.4501444, -8.1651298)
(1249763047, 41.4506349, -8.1646978)
(1249763049, 41.450457, -8.1647555)
(1249763051, 41.4504938, -8.1651127)
(1249763053, 41.45013, -8.165288)
(1249763054, 41.4504425, -8.165102)
(1249763056, 41.4501861, -8.1649266)
(1249763057, 41.4500642, -8.165179)
(1249763059, 41.450606, -8.164546)
(1249763060, 41.4505563, -8.1646978)
(1249763061, 41.4503544, -8.1649159)
(1249763063, 41.4506237, -8.1646229)
(1249763064, 41.4504698, -8.1649095)
(1249763070, 41.4501091, -8.1652153)
(1249763071, 41.4499552, -8.1653971)
(1249763073, 41.4503896, -8.1645866)
(1249763075, 41.4504922, -8.1645652)
(1249763076, 41.4504313, -8.1647833)
(1249763077, 41.4505211, -8.1649373)
(1249763078, 41.450037, -8.1654677)
(1249763080, 41.4503752, -8.164901)
(1251282873, 41.4505415, -8.1748392)
(1251282880, 41.4569719, -8.1731592)
(1251282881, 41.4570315, -8.1706258)
(1251282882, 41.4570851, -8.1725371)
(1251282899, 41.4569425, -8.1725672)
(1251282900, 41.457656, -8.172742)
(1251282902, 41.4570681, -8.1734346)
(1251282905, 41.4571713, -8.1724836)
(1251282908, 41.4500031, -8.1736028)
(1251282913, 41.4570514, -8.173178)
(1251282916, 41.4537274, -8.1695737)
(1251282919, 41.4570569, -8.1724584)
(1251282927, 41.4570322, -8.1726305)
(1251282931, 41.4510936, -8.1728317)
(1251282934, 41.4543402, -8.1657545)
(1251282938, 41.4572149, -8.1725983)
(1251282941, 41.4528991, -8.1706557)
(1251282943, 41.4573706, -8.1728039)
(1251282945, 41.4508014, -8.1737323)
(1251282960, 41.4570159, -8.1725474)
(1251282962, 41.4507655, -8.1728351)
(1251282965, 41.4486819, -8.1748851)
(1251282969, 41.4572335, -8.1736211)
(1251282971, 41.4570335, -8.173113)
(1251282974, 41.4525329, -8.1705071)
(1251282986, 41.4505726, -8.172384)
(1251282988, 41.4574368, -8.1728122)
(1251282990, 41.4570335, -8.1731335)
(1251282994, 41.4465643, -8.1677537)
(1251282997, 41.4491171, -8.1737156)
(1251283000, 41.4564301, -8.1700222)
(1251283005, 41.4497745, -8.1735277)
(1251283007, 41.4520364, -8.1729629)
(1251283021, 41.4465332, -8.1683567)
(1251283024, 41.454417, -8.1667444)
(1251283026, 41.4570694, -8.1732276)
(1251283028, 41.4543883, -8.166078)
(1251283031, 41.4499624, -8.1749185)
(1251283046, 41.4574557, -8.1723635)
(1251283048, 41.4527053, -8.1720802)
(1251283050, 41.4569787, -8.1725679)
(1251283052, 41.4453163, -8.1669533)
(1251283053, 41.4503694, -8.1736237)
(1251283057, 41.4539592, -8.1693325)
(1251283059, 41.4573964, -8.1723271)
(1251283072, 41.4570322, -8.1729025)
(1251283074, 41.4543682, -8.1654899)
(1251283076, 41.4572572, -8.1724015)
(1251283078, 41.4528686, -8.170568)
(1251283079, 41.4573866, -8.1728461)
(1251283080, 41.4543405, -8.1671835)
(1251283081, 41.4569293, -8.1706659)
(1251283082, 41.4505451, -8.1727248)
(1251283090, 41.4469161, -8.167786)
(1251283091, 41.4490983, -8.1746972)
(1251283092, 41.4568976, -8.1728769)
(1251283097, 41.4573669, -8.1729624)
(1251283099, 41.4538724, -8.1696453)
(1251283102, 41.4569694, -8.1728153)
(1251283103, 41.4507655, -8.1727215)
(1251283110, 41.4570694, -8.1732464)
(1251283111, 41.4487719, -8.1669749)
(1251283112, 41.4569694, -8.1730445)
(1251283114, 41.456755, -8.1700591)
(1251283116, 41.4568476, -8.172728)
(1251283117, 41.4569501, -8.1733508)
(1251283118, 41.4543823, -8.1666661)
(1251283119, 41.4574765, -8.1724405)
(1251283120, 41.4501314, -8.1736195)
(1251283121, 41.4520958, -8.1729393)
(1251283122, 41.449057, -8.1663622)
(1251283123, 41.4570232, -8.1730753)
(1251283124, 41.4538141, -8.1692609)
(1251283125, 41.4569672, -8.172508)
(1251283126, 41.4569284, -8.1730326)
(1251283127, 41.4454413, -8.1664001)
(1251283128, 41.4571168, -8.1728717)
(1251283129, 41.4543542, -8.165701)
(1251283130, 41.4573072, -8.1725213)
(1251283131, 41.4498591, -8.1751608)
(1251283132, 41.4543384, -8.1671387)
(1251283133, 41.4507231, -8.174008)
(1251283134, 41.4570261, -8.1725662)
(1251283135, 41.4507455, -8.1727415)
(1251283137, 41.4568014, -8.1725775)
(1251283138, 41.4493769, -8.1750605)
(1251283139, 41.4574877, -8.1727484)
(1251283140, 41.4569643, -8.1728974)
(1251283142, 41.4573258, -8.1723891)
(1251283143, 41.4570027, -8.1729231)
(1251283144, 41.4538914, -8.1666313)
(1251283145, 41.4572496, -8.172328)
(1251283146, 41.4523718, -8.1719993)
(1251283147, 41.4507705, -8.172394)
(1251283148, 41.4572999, -8.1728516)
(1251283149, 41.452006, -8.1731575)
(1251283150, 41.4569707, -8.1731318)
(1251283154, 41.4567129, -8.1699094)
(1251283156, 41.4569796, -8.1733542)
(1251283157, 41.4567104, -8.1729145)
(1251283158, 41.4487915, -8.1733481)
(1251283160, 41.4572335, -8.1735048)
(1251283162, 41.4520557, -8.1729329)
(1251283169, 41.4489786, -8.1665489)
(1251283170, 41.4455631, -8.1668285)
(1251283172, 41.4569207, -8.1731626)
(1251283174, 41.4568992, -8.1707087)
(1251283178, 41.4499624, -8.1751608)
(1251283180, 41.4568822, -8.1727554)
(1251283182, 41.4574236, -8.1723784)
(1251283190, 41.4570514, -8.1734586)
(1251283192, 41.4571919, -8.1724546)
(1251283194, 41.4568783, -8.1726168)
(1251283197, 41.4507983, -8.1736864)
(1251283199, 41.4570694, -8.1731831)
(1251283200, 41.4573226, -8.1723656)
(1251283201, 41.4570322, -8.1729299)
(1251283202, 41.4539876, -8.1656476)
(1251283214, 41.4572701, -8.1723878)
(1251283216, 41.4543502, -8.1667499)
(1251283223, 41.4505401, -8.1723873)
(1251283225, 41.4487852, -8.1749352)
(1251283227, 41.4576608, -8.1726457)
(1251283229, 41.4568617, -8.1730069)
(1251283242, 41.4573617, -8.1732858)
(1251283245, 41.4563398, -8.1700465)
(1251283247, 41.4510986, -8.1727415)
(1251283250, 41.4570194, -8.173113)
(1251283252, 41.4572604, -8.1732892)
(1251283254, 41.4569219, -8.173048)
(1251283257, 41.4568652, -8.1704494)
(1251283270, 41.4569527, -8.1734654)
(1251283274, 41.4543863, -8.1665404)
(1251283277, 41.4568194, -8.1728324)
(1251283281, 41.4491828, -8.1733856)
(1251283284, 41.4570566, -8.1736245)
(1251283287, 41.4543522, -8.1666634)
(1251283289, 41.4571726, -8.1723844)
(1251283296, 41.4572666, -8.1727637)
(1251283304, 41.4569719, -8.1732344)
(1251283307, 41.4543903, -8.1661689)
(1251283310, 41.4520701, -8.1731681)
(1251283312, 41.4494928, -8.1751315)
(1251283313, 41.4572643, -8.1729641)
(1251283332, 41.4569646, -8.1725559)
(1251283333, 41.4451945, -8.1665249)
(1251283334, 41.4567694, -8.1726904)
(1251283336, 41.4491265, -8.1749979)
(1251283340, 41.4574957, -8.1726351)
(1251283344, 41.4570527, -8.1731386)
(1251283351, 41.4573819, -8.1725089)
(1251283360, 41.4567847, -8.1729504)
(1251283362, 41.457004, -8.1730702)
(1251283365, 41.4528911, -8.1706001)
(1251283368, 41.4574208, -8.17277)
(1251283373, 41.4525071, -8.1705155)
(1251283376, 41.448238, -8.169927)
(1251283378, 41.446885, -8.168389)
(1251283380, 41.4486788, -8.1746804)
(1251283390, 41.4571168, -8.1731386)
(1251283393, 41.4570689, -8.1733252)
(1251283395, 41.4567476, -8.1727879)
(1251283397, 41.4490232, -8.1733564)
(1251283399, 41.4570604, -8.1735013)
(1251283401, 41.4485309, -8.1667494)
(1251300439, 41.4525486, -8.1884553)
(1251300441, 41.4519209, -8.1882201)
(1251300445, 41.4438109, -8.1675593)
(1251300447, 41.4518909, -8.1882342)
(1251300449, 41.4517693, -8.1884361)
(1251300451, 41.4532096, -8.1887403)
(1251300452, 41.4546534, -8.1802315)
(1251300454, 41.4442184, -8.1677404)
(1251300457, 41.4545475, -8.1800998)
(1251300460, 41.4515845, -8.1877712)
(1251300462, 41.4527602, -8.1881785)
(1251300465, 41.4519549, -8.1883491)
(1251300467, 41.4540778, -8.1799849)
(1251300468, 41.4517487, -8.1876943)
(1251300472, 41.4515631, -8.1879567)
(1251300473, 41.4536484, -8.1882968)
(1251300475, 41.4525903, -8.1882465)
(1251300476, 41.4541362, -8.1799742)
(1251300479, 41.4439224, -8.1679086)
(1251300480, 41.4516256, -8.1879274)
(1251300481, 41.4535404, -8.188736)
(1251300482, 41.4517613, -8.1884057)
(1251300483, 41.452684, -8.1881462)
(1251300485, 41.4538143, -8.1803428)
(1251300488, 41.4539742, -8.1807223)
(1251300489, 41.4441069, -8.1673911)
(1251300490, 41.4516901, -8.188439)
(1251300491, 41.4528411, -8.1878905)
(1252224442, 41.4530512, -8.1776006)
(1252224443, 41.4464138, -8.1715007)
(1252224445, 41.454842, -8.1802673)
(1252224447, 41.4518056, -8.1770616)
(1252224448, 41.4548222, -8.1779647)
(1252224450, 41.4553229, -8.1793258)
(1252224451, 41.4554894, -8.1875942)
(1252224452, 41.446785, -8.1717963)
(1252224454, 41.4545669, -8.179338)
(1252224456, 41.4541033, -8.1811847)
(1252224463, 41.4524375, -8.1774595)
(1252224468, 41.4549083, -8.1874956)
(1252224470, 41.4561556, -8.187341)
(1252224471, 41.4571092, -8.1873201)
(1252224472, 41.4544802, -8.1776169)
(1252224473, 41.4491559, -8.1725502)
(1252224475, 41.4465878, -8.1710863)
(1252224477, 41.4542283, -8.1782759)
(1252224479, 41.4570491, -8.1878556)
(1252224482, 41.4522285, -8.1773205)
(1252224484, 41.4529366, -8.187038)
(1252224486, 41.4533778, -8.1816831)
(1252224487, 41.4570141, -8.1877956)
(1252224489, 41.4489408, -8.1783948)
(1252224490, 41.4555663, -8.1874944)
(1252224492, 41.4464347, -8.1715586)
(1252224493, 41.4547725, -8.187381)
(1252224495, 41.4546073, -8.180095)
(1252224496, 41.457367, -8.1867528)
(1252224500, 41.4553461, -8.1791326)
(1252224506, 41.4466785, -8.1719375)
(1252224507, 41.453678, -8.1767864)
(1252224508, 41.448446, -8.1785267)
(1252224510, 41.449701, -8.177942)
(1252224513, 41.4465101, -8.1719179)
(1252224515, 41.4531219, -8.1871419)
(1252224518, 41.4526721, -8.1776294)
(1252224521, 41.4575022, -8.1865958)
(1252224522, 41.4548634, -8.1778872)
(1252224523, 41.4566363, -8.188013)
(1252224524, 41.4466317, -8.1718345)
(1252224525, 41.4551081, -8.1874645)
(1252224526, 41.4487424, -8.1723214)
(1252224527, 41.4545419, -8.1777771)
(1252224528, 41.4465942, -8.1710585)
(1252224529, 41.4547581, -8.1787748)
(1252224531, 41.449057, -8.1782932)
(1252224536, 41.4465309, -8.1719136)
(1252224537, 41.4528815, -8.186901)
(1252224538, 41.4540974, -8.1791368)
(1252224540, 41.4540533, -8.1776332)
(1252224545, 41.4545513, -8.1769392)
(1252224546, 41.4569062, -8.187127)
(1252224547, 41.4550675, -8.1873178)
(1252224548, 41.446398, -8.1712955)
(1252224550, 41.4487921, -8.1722508)
(1252224554, 41.4546925, -8.1785936)
(1252224555, 41.4546514, -8.1808478)
(1252224557, 41.4515999, -8.1767391)
(1252224559, 41.4553048, -8.1796897)
(1252224561, 41.4571179, -8.187603)
(1252224565, 41.4529496, -8.1871234)
(1252224566, 41.4498315, -8.1773041)
(1252224568, 41.454034, -8.1775204)
(1252224570, 41.4463846, -8.1713655)
(1252224573, 41.4524101, -8.1775392)
(1252224574, 41.4534571, -8.1785955)
(1252224575, 41.4572136, -8.187287)
(1252224576, 41.4491367, -8.172995)
(1252224577, 41.4552404, -8.1788189)
(1252224579, 41.4554699, -8.1876682)
(1252224582, 41.4497607, -8.1773041)
(1252224584, 41.4526745, -8.1775375)
(1252224585, 41.4527656, -8.1870066)
(1252224590, 41.4464475, -8.171627)
(1252224594, 41.454411, -8.1792223)
(1252224596, 41.454654, -8.1874283)
(1252224597, 41.4570497, -8.1872249)
(1252224600, 41.4552267, -8.1785158)
(1252224601, 41.4487552, -8.1729672)
(1252224603, 41.4515754, -8.1768393)
(1252224604, 41.4467641, -8.1718091)
(1252224608, 41.4493054, -8.1781622)
(1252224614, 41.4489563, -8.1791941)
(1252224615, 41.453441, -8.1776559)
(1252224623, 41.4557774, -8.1875226)
(1252224627, 41.4465357, -8.1715073)
(1252224629, 41.4541097, -8.1872282)
(1252224630, 41.454823, -8.1807217)
(1252224631, 41.4514765, -8.1767937)
(1252224636, 41.4532682, -8.1788314)
(1252224637, 41.4572741, -8.1869583)
(1252224638, 41.4516194, -8.1776146)
(1252224639, 41.4542433, -8.1776549)
(1252224640, 41.4551675, -8.1801598)
(1252224645, 41.4485824, -8.1784016)
(1252224646, 41.4502946, -8.1826616)
(1252224648, 41.4501431, -8.1774171)
(1252224650, 41.4464748, -8.1717468)
(1252224653, 41.4499654, -8.1771694)
(1252224654, 41.4518622, -8.1770759)
(1252224655, 41.4545562, -8.1776492)
(1252224657, 41.4564096, -8.1873333)
(1252224659, 41.455026, -8.1782671)
(1252224660, 41.4550792, -8.1782152)
(1252224661, 41.4487295, -8.172918)
(1252224663, 41.4546888, -8.179215)
(1252224665, 41.4491431, -8.1782317)
(1252224667, 41.4561674, -8.1878822)
(1252224671, 41.4492582, -8.1788247)
(1252224672, 41.4540167, -8.1782542)
(1252224674, 41.4499517, -8.1773284)
(1252224681, 41.4560143, -8.1874415)
(1252224683, 41.456811, -8.1871141)
(1252224687, 41.4464764, -8.1713961)
(1252224688, 41.4517262, -8.1770273)
(1252224690, 41.4538954, -8.1782614)
(1252224695, 41.447003, -8.1715931)
(1252224697, 41.4544599, -8.1777367)
(1252224700, 41.4502708, -8.1825992)
(1252224701, 41.4568516, -8.1879068)
(1252224704, 41.4488406, -8.1784376)
(1252224705, 41.4500391, -8.1773926)
(1252224706, 41.4542417, -8.1775451)
(1252224707, 41.4464155, -8.1715779)
(1252224708, 41.4544829, -8.1873068)
(1252224709, 41.4543951, -8.1799986)
(1252224710, 41.4521882, -8.1774084)
(1252224711, 41.4536293, -8.178418)
(1252224712, 41.4571839, -8.1876351)
(1252224713, 41.4510724, -8.1769036)
(1252224714, 41.4551624, -8.1785387)
(1252224715, 41.4552961, -8.1787991)
(1252224716, 41.4502454, -8.1826156)
(1252224717, 41.4566408, -8.1879315)
(1252224718, 41.4540311, -8.1768499)
(1252224720, 41.4496417, -8.1780745)
(1252224722, 41.453463, -8.1775811)
(1252224723, 41.4464251, -8.1716399)
(1252224725, 41.4530567, -8.1776753)
(1252224726, 41.4578362, -8.1862796)
(1252224728, 41.4466094, -8.1718024)
(1252224729, 41.4487873, -8.1729865)
(1252224731, 41.4468523, -8.1709601)
(1252224738, 41.4466008, -8.1719902)
(1252224741, 41.4540274, -8.178979)
(1252224742, 41.4535004, -8.1817008)
(1252224743, 41.4532442, -8.1776649)
(1252224744, 41.4563575, -8.1871943)
(1252224745, 41.4487785, -8.1784349)
(1252224747, 41.4546089, -8.1872593)
(1252224748, 41.4465902, -8.1717169)
(1252224752, 41.4542403, -8.1872633)
(1252224753, 41.4491687, -8.1722829)
(1252224754, 41.4550078, -8.180473)
(1252224755, 41.4517235, -8.177167)
(1252224756, 41.4543785, -8.1783471)
(1252224757, 41.4568546, -8.1879905)
(1252224763, 41.4502716, -8.1826835)
(1286223534, 41.4511155, -8.1640401)
(1286223536, 41.4509527, -8.163866)
(1286223538, 41.4510548, -8.1638557)
(1286223544, 41.4508739, -8.1637523)
(1286223546, 41.45079, -8.1640263)
(1286223547, 41.4511155, -8.1636403)
(1286223548, 41.4504141, -8.1634731)
(1286223549, 41.4512834, -8.163661)
(1286223550, 41.4507473, -8.1638884)
(1286223551, 41.4510393, -8.1634318)
(1286223552, 41.4510431, -8.1640625)
(1286223557, 41.4514758, -8.1630923)
(1286223559, 41.4506298, -8.1636317)
(1286223561, 41.4509953, -8.163816)
(1286223563, 41.4508533, -8.1636678)
(1286223565, 41.4509114, -8.1635386)
(1286223566, 41.4510444, -8.1636437)
(1286223568, 41.4506763, -8.1633111)
(1286223577, 41.4511297, -8.1639608)
(1286223578, 41.4509734, -8.1637488)
(1286223579, 41.4506143, -8.1643985)
(1286223580, 41.450737, -8.1640539)
(1286223581, 41.4513764, -8.1637799)
(1286223582, 41.4513325, -8.1636696)
(1286223583, 41.4508639, -8.1639838)
(1286223589, 41.4516437, -8.163399)
(1286223591, 41.4510948, -8.1634542)
(1286223593, 41.4510845, -8.164059)
(1286223595, 41.450644, -8.1635817)
(1286223597, 41.4507732, -8.1636834)
(1286223599, 41.4508817, -8.1634386)
(1286223601, 41.4510199, -8.1637006)
(1286223607, 41.4504942, -8.1633697)
(1286223608, 41.451087, -8.1638729)
(1286223609, 41.4507331, -8.1640349)
(1286223610, 41.4512007, -8.1635524)
(1286223611, 41.4510044, -8.1639125)
(1286223612, 41.4506673, -8.1638488)
(1286223613, 41.4509411, -8.1636351)
(1286223620, 41.4511361, -8.1635731)
(1286223621, 41.4508416, -8.1635507)
(1286223623, 41.4510134, -8.1634593)
(1286223626, 41.4509669, -8.1633628)
(1286223628, 41.4504322, -8.1634869)
(1286223630, 41.4513221, -8.1636937)
(1286223637, 41.4510341, -8.1634662)
(1286223639, 41.4510289, -8.1640194)
(1286223640, 41.4508184, -8.163785)
(1286223641, 41.4516541, -8.1635748)
(1286223642, 41.450613, -8.1637954)
(1286223643, 41.4510134, -8.1637419)
(1286223644, 41.4506376, -8.1642968)
(1286223645, 41.4508998, -8.1633904)
(1286223649, 41.4510083, -8.163561)
(1286223651, 41.4505252, -8.1632663)
(1286223654, 41.4512291, -8.1635265)
(1286223656, 41.450706, -8.1638074)
(1286223658, 41.4509599, -8.1639627)
(1286223659, 41.4507822, -8.1640091)
(1286223666, 41.4512459, -8.1634421)
(1286223668, 41.450914, -8.1637333)
(1286223670, 41.450666, -8.1643675)
(1286223671, 41.4504593, -8.1637144)
(1286223673, 41.4508739, -8.1634231)
(1286223674, 41.4510418, -8.1635972)
(1286223675, 41.4504838, -8.163349)
(1286223676, 41.451295, -8.1636868)
(1286223678, 41.4512123, -8.1635386)
(1286223680, 41.4510638, -8.1638781)
(1286223681, 41.4508804, -8.163854)
(1286223683, 41.4513312, -8.1631198)
(1286223685, 41.4506957, -8.1638333)
(1286223686, 41.4510367, -8.1637954)
(1286223688, 41.4508391, -8.1634042)
(1286223695, 41.4505743, -8.1632163)
(1286223700, 41.4508978, -8.1639807)
(1286223702, 41.4506711, -8.1637178)
(1286223704, 41.450932, -8.1638264)
(1286223705, 41.4507874, -8.1641762)
(1286223707, 41.4503547, -8.1636299)
(1286223708, 41.451047, -8.163542)
(1286223709, 41.4508604, -8.1638877)
(1286223710, 41.4513092, -8.1636782)
(1286223712, 41.4506802, -8.1636006)
(1286223714, 41.4511348, -8.1633938)
(1286223716, 41.4508494, -8.1638643)
(1286223717, 41.4513854, -8.1636265)
(1286223724, 41.4505923, -8.1643279)
(1286223726, 41.4507499, -8.1635662)
(1286223728, 41.4508868, -8.1633559)
(1286223731, 41.4505497, -8.1632732)
(1286223735, 41.4511051, -8.1637971)
(1286223736, 41.4506879, -8.1639022)
(1286223739, 41.451503, -8.1634128)
(1286223740, 41.4507125, -8.1637368)
(1286223741, 41.4510121, -8.1638746)
(1286223742, 41.4509695, -8.1636024)
(1337026205, 41.4521263, -8.1719896)
(1337026208, 41.4452805, -8.173293)
(1337026211, 41.447502, -8.1733361)
(1337026214, 41.446853, -8.1738193)
(1337026219, 41.4428161, -8.1778121)
(1337026224, 41.4496505, -8.1722089)
(1337026227, 41.447834, -8.1734973)
(1337026230, 41.4504485, -8.1675332)
(1337026233, 41.4492695, -8.1707246)
(1337026236, 41.4522577, -8.1688031)
(1337026244, 41.4473489, -8.1729999)
(1337026246, 41.4459352, -8.1747395)
(1337026247, 41.4512989, -8.1740345)
(1337026248, 41.4430775, -8.176055)
(1337026249, 41.4518566, -8.1693245)
(1337026250, 41.4475715, -8.1736567)
(1337026251, 41.4433642, -8.1780902)
(1337026252, 41.4460114, -8.1736197)
(1337026254, 41.4524174, -8.1694379)
(1337026255, 41.4469031, -8.1742169)
(1337026256, 41.4485108, -8.174482)
(1337026257, 41.4522121, -8.1718286)
(1337026259, 41.4460752, -8.1740726)
(1337026260, 41.4520358, -8.1711047)
(1337026261, 41.4482063, -8.1734083)
(1337026262, 41.4442858, -8.1776403)
(1337026263, 41.4464969, -8.1730649)
(1337026264, 41.4484499, -8.1737101)
(1337026265, 41.4473113, -8.1733695)
(1337026266, 41.4466007, -8.174124)
(1337026267, 41.4431585, -8.1774239)
(1337026268, 41.4478499, -8.1738554)
(1337026269, 41.4502608, -8.1673714)
(1337026270, 41.4458634, -8.1731601)
(1337026271, 41.4529747, -8.1692565)
(1337026272, 41.4513226, -8.1739305)
(1337026273, 41.4483194, -8.1745574)
(1337026275, 41.4464245, -8.1734653)
(1337026277, 41.4421844, -8.1724696)
(1337026278, 41.447442, -8.1738703)
(1337026281, 41.4473914, -8.1728238)
(1337026283, 41.4483629, -8.1737768)
(1337026285, 41.446382, -8.1726726)
(1337026287, 41.4415333, -8.1742614)
(1337026289, 41.4475242, -8.1739093)
(1337026291, 41.4473079, -8.1724283)
(1337026292, 41.4467004, -8.1729976)
(1337026295, 41.4509182, -8.164936)
(1337026296, 41.4467725, -8.173593)
(1337026299, 41.4511764, -8.1738246)
(1337026301, 41.4504891, -8.1676013)
(1337026303, 41.4497316, -8.1706721)
(1337026305, 41.4482107, -8.1734402)
(1337026306, 41.4451568, -8.1767058)
(1337026308, 41.452234, -8.1721243)
(1337026309, 41.4387234, -8.1745133)
(1337026310, 41.4468857, -8.174037)
(1337026312, 41.4427938, -8.1779049)
(1337026314, 41.4503237, -8.1707941)
(1337026316, 41.447919, -8.1734746)
(1337026318, 41.450261, -8.1673576)
(1337026323, 41.4460583, -8.1731113)
(1337026324, 41.4517042, -8.1716994)
(1337026326, 41.4496873, -8.1707749)
(1337026327, 41.4522101, -8.1688303)
(1337026330, 41.4471408, -8.1725193)
(1337026333, 41.4517096, -8.1711918)
(1337026334, 41.4460461, -8.1746524)
(1337026336, 41.4464789, -8.1734508)
(1337026342, 41.4411204, -8.1730187)
(1337026343, 41.4518498, -8.1695467)
(1337026346, 41.4477455, -8.1738944)
(1337026348, 41.4500213, -8.1673646)
(1337026350, 41.4459957, -8.1735524)
(1337026352, 41.445196, -8.1764359)
(1337026354, 41.4474735, -8.172757)
(1337026356, 41.4523343, -8.1718597)
(1337026366, 41.4462987, -8.1748761)
(1337026368, 41.4429093, -8.1782615)
(1337026369, 41.4517379, -8.1710118)
(1337026371, 41.4483977, -8.1733851)
(1337026373, 41.444476, -8.1775732)
(1337026376, 41.4521409, -8.1718873)
(1337026377, 41.4473906, -8.1733435)
(1337026385, 41.4510456, -8.1651514)
(1337026387, 41.4465898, -8.1739847)
(1337026390, 41.4432838, -8.1776858)
(1337026392, 41.4463558, -8.1746266)
(1337026395, 41.4502292, -8.1722453)
(1337026399, 41.4500693, -8.1675223)
(1337026402, 41.445846, -8.1734015)
(1337026404, 41.4524514, -8.1691568)
(1337026408, 41.4473503, -8.1730408)
(1337026409, 41.4466573, -8.1732593)
(1337026412, 41.4426877, -8.176373)
(1337026414, 41.4496733, -8.1714683)
(1337026415, 41.447591, -8.1737551)
(1337026417, 41.4434132, -8.1779959)
(1337026430, 41.4505372, -8.1669498)
(1337026433, 41.4462445, -8.1734805)
(1337026434, 41.4524174, -8.1693608)
(1337026435, 41.4473886, -8.1727811)
(1337026436, 41.4484173, -8.1739741)
(1337026437, 41.4466274, -8.1725983)
(1337026439, 41.4418023, -8.1736668)
(1337026444, 41.4474838, -8.1739186)
(1337026453, 41.4462661, -8.1740153)
(1337026454, 41.4462411, -8.1734503)
(1337026455, 41.4517762, -8.1719262)
(1337026456, 41.4464638, -8.1728629)
(1337026457, 41.450869, -8.165172)
(1337026458, 41.4511388, -8.1739639)
(1337026459, 41.4481215, -8.1734721)
(1337026461, 41.4496731, -8.1709845)
(1337026468, 41.4446979, -8.177437)
(1337026470, 41.4458608, -8.1727579)
(1337026474, 41.4475326, -8.1729869)
(1337026476, 41.4468031, -8.1729581)
(1337026478, 41.4510456, -8.1656332)
(1337026480, 41.4467638, -8.1739412)
(1337026482, 41.4474295, -8.1737941)
(1337026491, 41.4502583, -8.1675277)
(1337026493, 41.4460705, -8.1731485)
(1337026495, 41.4516276, -8.1716821)
(1337026497, 41.4493044, -8.1709258)
(1337026498, 41.4471993, -8.1728108)
(1337026500, 41.4483586, -8.1737362)
(1337026503, 41.4465224, -8.1736713)
(1337026505, 41.4509947, -8.1651627)
(1337026512, 41.4475924, -8.1739464)
(1337026515, 41.4517937, -8.171788)
(1337026517, 41.4467965, -8.1740573)
(1337026518, 41.4451742, -8.1762763)
(1337026520, 41.4467074, -8.1730649)
(1337026522, 41.4458991, -8.174685)
(1337026535, 41.4462861, -8.1748016)
(1337026537, 41.4428843, -8.1783358)
(1337026539, 41.448302, -8.173417)
(1337026540, 41.4437585, -8.1777238)
(1337026541, 41.4522015, -8.1719027)
(1337026542, 41.4465964, -8.1745187)
(1337026543, 41.4525125, -8.1698686)
(1337026545, 41.4428676, -8.1780628)
(1337026546, 41.4462298, -8.1747663)
(1337026547, 41.450072, -8.1673522)
(1337026548, 41.4458199, -8.1732042)
(1337026549, 41.4520979, -8.1687306)
(1337026550, 41.4451312, -8.1761778)
(1337026551, 41.4472612, -8.1730761)
(1337026553, 41.4466464, -8.1732099)
(1337026554, 41.4428726, -8.1767835)
(1337026555, 41.451996, -8.169524)
(1337026556, 41.4478165, -8.1736734)
(1337026558, 41.4434784, -8.1777347)
(1337026560, 41.4498785, -8.1675169)
(1337026562, 41.4459278, -8.173571)
(1337026564, 41.4529509, -8.169456)
(1337026567, 41.4472759, -8.1727867)
(1337026568, 41.4482281, -8.174038)
(1337026569, 41.4475925, -8.1733082)
(1337026570, 41.4468117, -8.1735756)
(1337026571, 41.4523091, -8.172036)
(1337026573, 41.4508417, -8.1651741)
(1337026574, 41.4405988, -8.1732735)
(1337026577, 41.4475715, -8.1738517)
(1337026587, 41.4474206, -8.172432)
(1337026590, 41.4464098, -8.1728792)
(1337026592, 41.452144, -8.1720894)
(1337026594, 41.4508502, -8.1650154)
(1337026595, 41.4474046, -8.1734085)
(1337026597, 41.4512321, -8.1738952)
(1337026598, 41.4498475, -8.166923)
(1337026603, 41.446393, -8.1748478)
(1337026604, 41.4432435, -8.1777341)
(1337026607, 41.4497188, -8.1707153)
(1337026610, 41.4448697, -8.1772687)
(1337026612, 41.4469357, -8.1744171)
(1337026613, 41.4524684, -8.1689074)
(1337026616, 41.4474449, -8.1730148)
(1337026617, 41.4467508, -8.1738396)
(1337026626, 41.4436852, -8.1772106)
(1337026627, 41.4474657, -8.1737793)
(1337026628, 41.4427987, -8.1785037)
(1337026629, 41.4505947, -8.1666245)
(1337026630, 41.4461384, -8.173506)
(1337026631, 41.4492563, -8.1709201)
(1337026636, 41.4472327, -8.1724543)
(1337026637, 41.4466308, -8.1726401)
(1337026640, 41.4502729, -8.1695919)
(1337026642, 41.4510201, -8.1649134)
(1337026644, 41.4418479, -8.1748568)
(1337026645, 41.4502847, -8.1714983)
(1337026647, 41.4479112, -8.173952)
(1337026648, 41.4516958, -8.1717659)
(1337026654, 41.4468269, -8.1742343)
(1337026655, 41.4451764, -8.1766274)
(1337026657, 41.4465786, -8.1731067)
(1337026659, 41.4484934, -8.1744994)
(1337026660, 41.446099, -8.1745366)
(1337026663, 41.4481759, -8.1737652)
(1337026665, 41.4496631, -8.1711318)
(1337026667, 41.4442492, -8.1776821)
(1337026669, 41.4521642, -8.1719992)
(1337026670, 41.4453009, -8.1732024)
(1337026672, 41.447907, -8.1739111)
(1337026673, 41.4465333, -8.1741385)
(1337026675, 41.4429038, -8.1781649)
(1337026685, 41.4502585, -8.1675148)
(1337026687, 41.4461784, -8.1731322)
(1337026688, 41.4516017, -8.1718869)
(1337026690, 41.4519246, -8.1690797)
(1337026692, 41.4450122, -8.1759828)
(1337026693, 41.4474324, -8.1729721)
(1337026695, 41.4435494, -8.1769807)
(1337026697, 41.4463051, -8.1746418)
(1337026699, 41.4522305, -8.1694515)
(1337026700, 41.4474532, -8.1736976)
(1337026702, 41.4429101, -8.1786488)
(1337026704, 41.4500695, -8.1675094)
(1337026706, 41.4458982, -8.1733876)
(1337026708, 41.4525431, -8.1694696)
(1337026710, 41.4472912, -8.1728536)
(1337026720, 41.4467486, -8.1732331)
(1337026721, 41.4508757, -8.1656502)
(1337026723, 41.4475117, -8.173874)
(1337026725, 41.4463543, -8.1745384)
(1337026726, 41.4493408, -8.1704726)
(1337026727, 41.448289, -8.1733793)
(1337026728, 41.446563, -8.173051)
(1337026730, 41.4520032, -8.1712933)
(1337026732, 41.4475076, -8.1733807)
(1337026734, 41.4512405, -8.1738525)
(1337026735, 41.4431418, -8.1775372)
(1337026738, 41.4478816, -8.1738464)
(1337026739, 41.4500718, -8.167366)
(1337026741, 41.4458652, -8.1731903)
(1337026748, 41.4523834, -8.1688983)
(1337026750, 41.4461723, -8.1752966)
(1337026752, 41.4463875, -8.1732854)
(1337026753, 41.4419358, -8.173442)
(1337026755, 41.4502602, -8.1715329)
(1337026757, 41.4474727, -8.173861)
(1337026758, 41.4497486, -8.1701098)
(1337026759, 41.4461453, -8.1735826)
(1337026767, 41.4503115, -8.1673729)
(1337026768, 41.4472285, -8.1724858)
(1337026769, 41.4482672, -8.1738)
(1337026770, 41.4437059, -8.1771957)
(1337026771, 41.4467457, -8.1726145)
(1337026772, 41.4503704, -8.1708068)
(1337026773, 41.4413831, -8.1738919)
(1337026778, 41.4522033, -8.1698142)
(1337026779, 41.4477692, -8.174004)
(1337026780, 41.4479903, -8.1738872)
(1337026782, 41.4492935, -8.1710873)
(1337026783, 41.4473204, -8.1724617)
(1337026784, 41.445196, -8.1765374)
(1337026786, 41.4509224, -8.1650154)
(1337026788, 41.4462941, -8.175198)
(1337026797, 41.4498326, -8.1675899)
(1337026798, 41.4462382, -8.174816)
(1337026799, 41.4493497, -8.1706261)
(1337026800, 41.448252, -8.1737449)
(1337026801, 41.4450611, -8.1769582)
(1337336303, 41.4442909, -8.1763977)
(1337336306, 41.4439637, -8.17609)
(1337336309, 41.4442179, -8.1762754)
(1337336310, 41.4449382, -8.1758753)
(1337336312, 41.4441235, -8.1763807)
(1337336314, 41.4442139, -8.176592)
(1337336321, 41.444203, -8.1765021)
(1337336322, 41.4447142, -8.1754081)
(1338671947, 41.4449222, -8.1703865)
(1338671954, 41.4483872, -8.1681185)
(1338671957, 41.4498064, -8.172411)
(1338671959, 41.4482823, -8.1707901)
(1338671962, 41.4512618, -8.17197)
(1338671963, 41.4510938, -8.1718718)
(1338671967, 41.44914, -8.1718325)
(1338671968, 41.4480688, -8.1707386)
(1338671978, 41.4493436, -8.1719857)
(1338671981, 41.4536374, -8.1679019)
(1338671984, 41.4496193, -8.1730712)
(1338671990, 41.4456502, -8.1787722)
(1338671993, 41.4479143, -8.167141)
(1338671995, 41.4468065, -8.1720473)
(1338671997, 41.4510704, -8.171234)
(1338672004, 41.4504467, -8.1716288)
(1338672006, 41.4484939, -8.1708837)
(1338672009, 41.4478284, -8.1708239)
(1338672011, 41.4483038, -8.1723987)
(1338672012, 41.4503761, -8.1710847)
(1338672016, 41.4480806, -8.1713257)
(1338672017, 41.4534136, -8.1679809)
(1338672018, 41.4476927, -8.1719336)
(1338672021, 41.4484465, -8.1728974)
(1338672022, 41.4499656, -8.1730039)
(1338672024, 41.4462788, -8.1798517)
(1338672025, 41.4496551, -8.1724035)
(1338672029, 41.4484405, -8.1719615)
(1338672032, 41.4503338, -8.1708474)
(1338672037, 41.4486451, -8.1730345)
(1338672038, 41.4506071, -8.1721547)
(1338672040, 41.4537701, -8.1679395)
(1338672041, 41.4494532, -8.1720507)
(1338672044, 41.4498407, -8.1726128)
(1338672045, 41.4482823, -8.1706267)
(1338672047, 41.4512583, -8.1718585)
(1338672050, 41.4483276, -8.1727297)
(1338672053, 41.4510367, -8.1718936)
(1338672056, 41.449535, -8.1717722)
(1338672057, 41.4469562, -8.1720333)
(1338672064, 41.4478483, -8.1708422)
(1338672065, 41.4493471, -8.1718511)
(1338672068, 41.4536819, -8.167822)
(1338672069, 41.4483036, -8.1718018)
(1338672071, 41.4496628, -8.173048)
(1338672076, 41.4449303, -8.1706549)
(1338672078, 41.4498995, -8.1724151)
(1338672079, 41.4509564, -8.1710728)
(1338672081, 41.4483099, -8.1702042)
(1338672082, 41.4502999, -8.1715671)
(1338672083, 41.4536735, -8.1679884)
(1338672087, 41.4497397, -8.1726161)
(1338672091, 41.4478245, -8.1706284)
(1338672093, 41.4484635, -8.1727841)
(1338672099, 41.4496011, -8.1718975)
(1338672101, 41.453646, -8.1679525)
(1338672105, 41.4499795, -8.1729389)
(1338672111, 41.4456958, -8.1788186)
(1338672112, 41.4497448, -8.1724074)
(1338672113, 41.4496046, -8.1720763)
(1338672119, 41.4484365, -8.1720011)
(1338672123, 41.446803, -8.1718616)
(1338672125, 41.4503237, -8.1710213)
(1338672129, 41.4537728, -8.1678883)
(1338672132, 41.4498421, -8.1725579)
(1338672133, 41.4484048, -8.1708659)
(1338672136, 41.4484741, -8.1719592)
(1338672137, 41.4482732, -8.1725075)
(1338672138, 41.4508981, -8.1712987)
(1338672141, 41.4494811, -8.1717675)
(1338672142, 41.4533891, -8.1680063)
(1338672143, 41.4490147, -8.1720438)
(1338672146, 41.4486554, -8.1709164)
(1338672150, 41.4480694, -8.1707694)
(1338672152, 41.4483021, -8.170381)
(1338672154, 41.4479192, -8.1707747)
(1338672156, 41.4493802, -8.1720577)
(1338672163, 41.4483031, -8.1717204)
(1338672167, 41.4492539, -8.1730619)
(1338672176, 41.4486153, -8.170646)
(1338672178, 41.4512096, -8.1716241)
(1338672180, 41.4481595, -8.1711778)
(1338672181, 41.4483378, -8.1728566)
(1338672183, 41.4480025, -8.1701819)
(1338672187, 41.4510449, -8.1719697)
(1338672191, 41.4486086, -8.1709669)
(1338672197, 41.4484295, -8.172766)
(1338672201, 41.4476878, -8.1669558)
(1338672203, 41.4478553, -8.1711886)
(1338672205, 41.4494515, -8.1718581)
(1338672207, 41.4534734, -8.1679519)
(1338672211, 41.4477611, -8.1717815)
(1338672216, 41.4481681, -8.1707351)
(1338672218, 41.4496976, -8.1730433)
(1338672221, 41.4474172, -8.1662284)
(1338672224, 41.4459503, -8.1791727)
(1338672239, 41.4491261, -8.1720554)
(1338672242, 41.4469475, -8.1718546)
(1338672244, 41.4508349, -8.1710079)
(1338672249, 41.4502809, -8.172006)
(1338672250, 41.4537112, -8.167999)
(1338672258, 41.4484037, -8.1707991)
(1338672265, 41.4512148, -8.1721696)
(1338672267, 41.4480651, -8.1706198)
(1338672269, 41.448348, -8.1725665)
(1338672275, 41.4509497, -8.1713495)
(1338672283, 41.4495733, -8.1718906)
(1338672284, 41.4531285, -8.1688413)
(1338672286, 41.4490165, -8.1718209)
(1338672288, 41.4499903, -8.1722224)
(1338672289, 41.4479205, -8.1708397)
(1338672290, 41.4493784, -8.1720043)
(1338672291, 41.4464489, -8.1804333)
(1338672293, 41.4537867, -8.1671875)
(1338672295, 41.4496499, -8.1726122)
(1338672296, 41.44688, -8.165633)
(1338672303, 41.4482267, -8.1719874)
(1338672304, 41.4503805, -8.1710436)
(1338672305, 41.4495619, -8.1730828)
(1338672308, 41.4537544, -8.1678432)
(1338672310, 41.4450364, -8.1703937)
(1338672313, 41.4481624, -8.1713227)
(1338672315, 41.4484749, -8.1681871)
(1338672319, 41.4498029, -8.1725562)
(1338672320, 41.4486521, -8.1706861)
(1338672322, 41.4511365, -8.1713849)
(1338672324, 41.4508464, -8.171821)
(1338672327, 41.4494933, -8.1720716)
(1338672333, 41.4479201, -8.1708207)
(1338672334, 41.4475997, -8.1667444)
(1338672336, 41.4511645, -8.172191)
(1338672337, 41.4480776, -8.1711807)
(1338672340, 41.4536508, -8.1678532)
(1338672345, 41.4484781, -8.1717204)
(1338672348, 41.4499221, -8.1730387)
(1338672350, 41.4455675, -8.1788447)
(1338672351, 41.4479529, -8.167175)
(1338672352, 41.4477661, -8.1719336)
(1338672353, 41.4505888, -8.1709321)
(1338672355, 41.4480014, -8.1703572)
(1338672356, 41.4506071, -8.1720241)
(1338672358, 41.4537471, -8.1679807)
(1338672363, 41.4485218, -8.1709491)
(1338672367, 41.4468431, -8.1660801)
(1338672370, 41.4481658, -8.1706162)
(1338672371, 41.4484703, -8.172512)
(1338672375, 41.4450581, -8.1706549)
(1338672377, 41.4495385, -8.1718836)
(1338672383, 41.4534435, -8.1679591)
(1338672385, 41.4498946, -8.1726152)
(1338672388, 41.4476934, -8.1717881)
(1338672395, 41.446157, -8.1795644)
(1338672398, 41.4537207, -8.1678184)
(1338672399, 41.4470434, -8.1664042)
(1338672402, 41.4482307, -8.1718002)
(1338688187, 41.4495901, -8.1723982)
(1338688203, 41.4485906, -8.1714102)
(1338688228, 41.4474538, -8.1712464)
(1338688233, 41.4501766, -8.1702726)
(1338688234, 41.4477786, -8.1719614)
(1338688236, 41.4492201, -8.1725307)
(1338688247, 41.4475524, -8.1717098)
(1338688253, 41.44822, -8.1713312)
(1338688254, 41.4495855, -8.1725862)
(1338688269, 41.4469609, -8.1709679)
(1338688271, 41.4467685, -8.1716308)
(1338688284, 41.4475043, -8.1711001)
(1338688299, 41.4492829, -8.172515)
(1338688304, 41.4475556, -8.1719577)
(1338688321, 41.4479078, -8.1717986)
(1338688323, 41.4494038, -8.1724955)
(1338688324, 41.4487341, -8.1712066)
(1338688330, 41.4470334, -8.1713156)
(1338688332, 41.4485871, -8.1716586)
(1338688367, 41.4473999, -8.171244)
(1338688370, 41.4500662, -8.1702631)
(1338688373, 41.4491992, -8.1724867)
(1338688391, 41.4493685, -8.1729444)
(1338688392, 41.4481952, -8.17156)
(1338688400, 41.4470411, -8.1709381)
(1338688401, 41.4469485, -8.1715108)
(1338688424, 41.447553, -8.1711001)
(1338688427, 41.4502949, -8.1702634)
(1338688431, 41.44934, -8.1725359)
(1338688437, 41.4470958, -8.171794)
(1338688450, 41.4500432, -8.1707146)
(1338688453, 41.4494941, -8.1725822)
(1338688455, 41.4488979, -8.1712541)
(1338688465, 41.4468389, -8.1715952)
(1338688473, 41.4482652, -8.1715587)
(1338688486, 41.44918, -8.1718116)
(1338688501, 41.4475269, -8.1712974)
(1338688504, 41.4492879, -8.1720298)
(1338688510, 41.4503384, -8.1707207)
(1338688513, 41.4479071, -8.1717793)
(1338688515, 41.4494027, -8.1725385)
(1338688536, 41.4482426, -8.1715866)
(1338688551, 41.4469111, -8.1713741)
(1338688565, 41.4473929, -8.1710723)
(1338688577, 41.4492825, -8.1725334)
(1338688583, 41.4470949, -8.1717201)
(1338688590, 41.4493721, -8.1727852)
(1338688592, 41.4480465, -8.1719621)
(1338688594, 41.4494987, -8.1723942)
(1338688596, 41.4488848, -8.171335)
(1338688601, 41.4471136, -8.1712858)
(1338688603, 41.4468345, -8.1715773)
(1338688621, 41.4475582, -8.1711814)
(1338688624, 41.4491835, -8.1720298)
(1338688630, 41.4494288, -8.1724966)
(1338688637, 41.4474521, -8.1712974)
(1338688639, 41.4492966, -8.1718232)
(1338688647, 41.4498701, -8.1706989)
(1338688649, 41.4477741, -8.1717905)
(1338688652, 41.4493405, -8.1725174)
(1338688666, 41.4482861, -8.1713545)
(1338688696, 41.4475008, -8.1710723)
(1338688699, 41.4502062, -8.1707253)
(1338688703, 41.4492211, -8.1724877)
(1338688713, 41.4496492, -8.1729557)
(1338688716, 41.4482687, -8.1713475)
(1338688721, 41.448721, -8.1712876)
(1338688731, 41.4467222, -8.1714715)
(1338688753, 41.4475321, -8.1711767)
(1338688765, 41.4470187, -8.1717957)
(1338688778, 41.4498931, -8.1702474)
(1338688781, 41.4480425, -8.1717905)
(1338726301, 41.4426138, -8.1687351)
(1338726303, 41.4388188, -8.1728793)
(1338726304, 41.4377044, -8.1722965)
(1338726312, 41.4398218, -8.1725695)
(1338726313, 41.441611, -8.1703257)
(1338726314, 41.4400401, -8.1741384)
(1338726315, 41.4429267, -8.169616)
(1338726316, 41.4387913, -8.1752665)
(1338726318, 41.4393439, -8.1739941)
(1338726319, 41.4387126, -8.1750802)
(1338726321, 41.4432629, -8.1704485)
(1338726323, 41.4422567, -8.1683531)
(1338726325, 41.4375753, -8.1724044)
(1338726330, 41.4385081, -8.1723754)
(1338726331, 41.4411854, -8.1690076)
(1338726332, 41.4428039, -8.1690335)
(1338726333, 41.442109, -8.1721839)
(1338726335, 41.442363, -8.1715556)
(1338726337, 41.4431895, -8.1700501)
(1338726338, 41.4394046, -8.1745796)
(1338726340, 41.4421577, -8.1676485)
(1338726341, 41.4424879, -8.1686107)
(1338726346, 41.4394421, -8.1740382)
(1338726347, 41.4397392, -8.1725512)
(1338726348, 41.4422483, -8.1710171)
(1338726349, 41.4429859, -8.1699874)
(1338726351, 41.4388326, -8.175332)
(1338726352, 41.4387244, -8.1728686)
(1338726354, 41.4424819, -8.1719995)
(1338726356, 41.4387441, -8.1751851)
(1338726357, 41.4433444, -8.1705936)
(1338726359, 41.4422062, -8.1681929)
(1338726364, 41.437649, -8.1723292)
(1338726365, 41.4381305, -8.1723229)
(1338726366, 41.441458, -8.170065)
(1338726368, 41.4395111, -8.1744689)
(1338726369, 41.4429128, -8.1694999)
(1338726371, 41.439281, -8.1757019)
(1338726373, 41.4394642, -8.172511)
(1338726374, 41.442363, -8.1713742)
(1338726376, 41.4410459, -8.1687331)
(1338726378, 41.4430781, -8.1701731)
(1338726382, 41.4422186, -8.1673766)
(1338726384, 41.4427592, -8.1689292)
(1338726386, 41.4418062, -8.1722285)
(1338726388, 41.4419891, -8.1707621)
(1338726390, 41.4429719, -8.1698899)
(1338726391, 41.4389447, -8.1748598)
(1338726393, 41.4389191, -8.1752717)
(1338726394, 41.4423562, -8.1684881)
(1338726396, 41.4394287, -8.1729485)
(1338726400, 41.4393262, -8.1724908)
(1338726402, 41.4413851, -8.1699141)
(1338726403, 41.4428919, -8.1693769)
(1338726405, 41.4424607, -8.1719636)
(1338726407, 41.4443606, -8.1686688)
(1338726408, 41.4434559, -8.1706952)
(1338726410, 41.4421714, -8.1680536)
(1338726411, 41.4378423, -8.1722887)
(1338726413, 41.4411564, -8.1689258)
(1338726415, 41.4427092, -8.1688522)
(1338726417, 41.4393164, -8.1756285)
(1338726418, 41.4410353, -8.172357)
(1338726420, 41.4423502, -8.1712382)
(1338726421, 41.4430172, -8.1700826)
(1338726423, 41.4366224, -8.1739055)
(1338726425, 41.4387087, -8.1750225)
(1338726427, 41.4431514, -8.1702635)
(1338726430, 41.4388624, -8.1724241)
(1338726431, 41.4377637, -8.172287)
(1338726435, 41.4388896, -8.1724279)
(1338726436, 41.4417512, -8.1704787)
(1338726437, 41.4402525, -8.1739967)
(1338726438, 41.4429389, -8.1697251)
(1338726439, 41.4393761, -8.1749923)
(1338726440, 41.4393538, -8.1740966)
(1338726442, 41.442397, -8.1717709)
(1338726443, 41.4435271, -8.1696415)
(1338726444, 41.4421432, -8.1678733)
(1338726446, 41.4378191, -8.1722853)
(1338726451, 41.441313, -8.1696884)
(1338726453, 41.4428409, -8.1691635)
(1338726454, 41.439338, -8.1755419)
(1338726456, 41.4423214, -8.1721052)
(1338726457, 41.4423248, -8.1711305)
(1346179412, 41.4460626, -8.1808993)
(1346179416, 41.451406, -8.1708502)
(1346179417, 41.4453091, -8.1780255)
(1346179420, 41.4463061, -8.1814109)
(1346179432, 41.4458786, -8.1800744)