2504
(1242512454, 1242512381)
(1286223578, 1286223613)
(1338726384, 1338726332)
(1337026797, 1337026598)
(1251283192, 1251283289)
(1241362606, 1241362497)
(1241362560, 1241362654)
(1337026730, 1337026333)
(1241362744, 1241362528)
(1286223705, 1286223644)
(367602552, 367602548)
(1241380429, 1241380428)
(1337026505, 1337026478)
(1207585759, 26130642)
(402328908, 402328909)
(1249745427, 1249745210)
(1229047674, 1229047670)
(26130566, 26130570)
(1338672138, 1338672012)
(1338726407, 275996466)
(1051964398, 1051964493)
(1338672395, 1338672224)
(1052802978, 1052803018)
(1251283310, 1251283149)
(1252224709, 1252224495)
(1052803034, 1052802722)
(1238420287, 1238420342)
(1052047778, 1052047801)
(1241362674, 1241362736)
(1337026732, 1337026595)
(1338726442, 1338726335)
(1252224742, 1252224486)
(1238411771, 1238411750)
(1251283252, 1251283242)
(1207544164, 1207544172)
(26130608, 26130613)
(1238411912, 1238411890)
(1241362579, 1241362617)
(1249745595, 1249745654)
(1052802990, 1052802712)
(1338672071, 1338671984)
(1252224623, 1252224681)
(1286223607, 1286223628)
(402328899, 402328900)
(1338688324, 1338688455)
(1249745425, 1249745318)
(26130599, 1238411904)
(1229010122, 1229010129)
(1338672053, 1338671963)
(1338688330, 1338688269)
(1054703927, 1054703912)
(1337026539, 1337026371)
(1249745320, 1249745567)
(1207585360, 1207585365)
(1241362574, 1246641024)
(1241362661, 1241362746)
(1338672348, 1338672218)
(1337026369, 1337026260)
(1241362673, 1241362735)
(1251283257, 1251283114)
(1246641006, 1249745392)
(1337026275, 1337026752)
(1338688551, 1338688731)
(1246640930, 1246640949)
(1242512362, 1242512403)
(1252224728, 1252224524)
(1242959147, 1242959128)
(1207585763, 1207585405)
(402328943, 402328944)
(1241362468, 1241362599)
(1059564705, 1059564707)
(1286223630, 1286223582)
(288195821, 288195823)
(1051964297, 1051964374)
(1338672203, 1338672064)
(1249745501, 1249745324)
(1246641031, 1246640861)
(423785043, 423785044)
(1251283082, 1251283135)
(1242512328, 1242512451)
(1337026292, 1337026476)
(1337026470, 1052047677)
(1251300452, 1251300488)
(1052802963, 1052802726)
(1338726373, 1338726347)
(1337026312, 1337026219)
(1229010148, 1249745614)
(1249745242, 1249745672)
(1109149411, 1109149340)
(1337026456, 1337026263)
(1241362575, 1241362483)
(1207585912, 1207585554)
(1242512388, 1242512453)
(1251283122, 1241362671)
(1337026551, 1337026408)
(1252224472, 1252224655)
(1252224713, 1252224631)
(1241362472, 1241362729)
(1249745471, 1249745464)
(1337026594, 1337026457)
(1338726369, 1338726315)
(1238411777, 1238411774)
(1337336306, 1337336322)
(994629158, 994629148)
(1338672239, 1338671967)
(1251283247, 1251283103)
(1337026233, 1337026631)
(1337026333, 1337026369)
(288201990, 385747127)
(1338726333, 1338726456)
(1286223704, 1286223681)
(1337026723, 1337026577)
(1052802828, 1052803100)
(1241374674, 1241374676)
(1286223583, 1286223709)
(1238420330, 1238420401)
(1051964384, 1051964276)
(402328956, 402328957)
(402328717, 1054703929)
(1241380424, 1241380427)
(1286223577, 1286223608)
(1241362489, 1241362692)
(1286223582, 1286223581)
(402328962, 402328963)
(1055447074, 1055447084)
(1242512378, 1242512394)
(1251283201, 1251283072)
(1238420359, 1238420290)
(1249745368, 1249745190)
(1242512345, 288201957)
(1109149328, 1109149441)
(1207585423, 1207585732)
(1246640800, 288201917)
(402328719, 402328720)
(1251283112, 1251283150)
(1337026354, 1337026435)
(1251283097, 1251283313)
(402328950, 402328951)
(1238420426, 1238420330)
(1241362695, 1241362572)
(1338672068, 1338672398)
(1207585695, 1207585871)
(1238420255, 1238420475)
(1109149473, 1207585587)
(1052047990, 1052048007)
(1242512360, 1242512328)
(1238420359, 1238420266)
(1251283117, 1251283156)
(1052938362, 1052938323)
(1251283122, 1251283169)
(1252224538, 1252224594)
(1286223610, 1286223637)
(1286223550, 1286223659)
(1337336322, 1337336310)
(288201933, 1249745223)
(1249763038, 1249763056)
(1286223685, 1286223612)
(1238420376, 1238420395)
(423840609, 1051964491)
(1338726318, 1338726440)
(1286223742, 1286223649)
(1238420465, 1238420328)
(1251282943, 1251283079)
(1252224537, 1252224484)
(899126547, 1239300051)
(1055447084, 1051964506)
(402328910, 402328911)
(1051964394, 1051964090)
(1252224629, 1252224747)
(1241362718, 1241362494)
(1241362613, 1241362700)
(1052803018, 1052803062)
(1338688721, 1338688324)
(1337026433, 1337026454)
(1242512467, 1242512435)
(1338726430, 1338726435)
(1338672242, 1338672123)
(1338672069, 1338672402)
(1038409294, 423785045)
(1337026219, 1337026735)
(367602580, 367602575)
(1052803131, 1052802754)
(1242512481, 1242512446)
(1249745572, 1249745406)
(1337026306, 1337026801)
(1249745422, 1249745425)
(275996468, 1246641048)
(1242512446, 1242512360)
(1337026636, 1337026291)
(1251283395, 1251283157)
(1051964185, 1051964079)
(1207585492, 1251283245)
(1238420403, 1238420479)
(1241362645, 1241362585)
(1251300481, 1251300451)
(1338688236, 1338688577)
(402328791, 402329041)
(1251283148, 1251282943)
(1249745406, 1249745649)
(1242959137, 1241380425)
(1337026404, 1337026271)
(1249745424, 1249745272)
(1251283281, 1251283397)
(1338672045, 1338671959)
(1246641026, 1246640956)
(1337026702, 1337026628)
(1337026252, 1337026759)
(1238420471, 1238420477)
(1241362595, 1241362625)
(1252224748, 1252224728)
(402328937, 402328938)
(1249745561, 1249745658)
(1241362529, 1241362578)
(1337026778, 1337026699)
(1241362694, 1241362711)
(1337026592, 1337026308)
(402328887, 402328888)
(1052803019, 1052802963)
(288195767, 288195768)
(402328949, 402328950)
(1052938341, 1052938374)
(1207585365, 1207585823)
(1338726378, 1338726337)
(1251283169, 1251283111)
(1337026454, 1337026687)
(1252224655, 1051964304)
(1338672296, 1338672367)
(402328963, 402328964)
(1241362608, 1251283122)
(1238420471, 1238420293)
(1249745400, 1249745426)
(1337026296, 1337026503)
(1052802890, 402328723)
(288201990, 1055447134)
(1249745329, 1249745240)
(1252224717, 1252224701)
(1251283270, 1251283117)
(899126520, 899126476)
(1238429122, 1238429125)
(26130608, 385750413)
(1207585653, 1207585624)
(1338688583, 1338688437)
(1251283050, 1251283332)
(1229010134, 1052803035)
(1229010148, 1229010130)
(1241362578, 1241362565)
(1249745568, 1249745400)
(1251283139, 1251282900)
(1251283099, 1251283057)
(1238411752, 1238411911)
(1052938440, 1052938448)
(1238411760, 1238411878)
(275996474, 275996476)
(1051964268, 1051964230)
(1286223581, 1286223577)
(402328907, 402328908)
(402328979, 402328980)
(1109149340, 1109149348)
(1052803023, 1052802858)
(1249745678, 1249745627)
(1337026697, 1337026392)
(1337026395, 1338672288)
(1055447108, 1055447111)
(1252224683, 1252224657)
(402328716, 1238420403)
(1338726453, 1338726403)
(1286223548, 1286223707)
(26130479, 1109164356)
(1337026750, 1337026788)
(1338672244, 1338672079)
(1051964516, 1051964161)
(1338688391, 1338688713)
(367602564, 367602560)
(1241362709, 1241362675)
(1238411888, 1238411752)
(1251283131, 1251283178)
(1338726346, 1337026574)
(1052803035, 1229010148)
(1051964258, 1051964502)
(1249745192, 1249745427)
(1252224577, 1252224714)
(1249745551, 1249745381)
(1238420455, 1238420451)
(1052802976, 1052803034)
(288195818, 288195821)
(1052047846, 899126474)
(1242512440, 1242512451)
(1241362667, 1238411841)
(994629166, 994629157)
(1338688370, 1338688450)
(1337026728, 1337026657)
(1249745414, 1249745212)
(1338726354, 1338726405)
(1241362574, 1338671954)
(1251283007, 1251283162)
(1242959187, 1241380421)
(1338726331, 1338726413)
(1249763064, 1249763054)
(1241362540, 1241362635)
(1249745273, 1249745493)
(423785039, 423785040)
(1338688321, 1338688513)
(1337026278, 1337026757)
(1337026291, 1337026783)
(1249745277, 1249745649)
(1338688253, 1338688392)
(899126689, 899126620)
(1229010160, 1229010163)
(1249745269, 1249745586)
(1251282913, 1251283199)
(1242512435, 1242512419)
(899126642, 1109164713)
(288214823, 275996465)
(1337336312, 1337336309)
(367602560, 367602556)
(1249745520, 1249745548)
(1337026459, 1337026305)
(1249745657, 1249745509)
(288195765, 288195767)
(1229047680, 1229047698)
(1238411753, 1238411760)
(1109164113, 1252224726)
(402329043, 402329044)
(1337026342, 1337026277)
(1241362550, 1241362645)
(402328929, 402328930)
(1249745643, 1249745521)
(1338672154, 1338672150)
(1207585508, 1207585360)
(1337026455, 1337026688)
(288195752, 288195762)
(1249745404, 1249745517)
(1249763057, 1249763035)
(1338726315, 1338726438)
(1338672064, 1338672289)
(1241362687, 1241362490)
(1251283182, 1251283046)
(1109164797, 1109164399)
(1338726368, 1338726338)
(1238420272, 1238420465)
(1052047801, 1052047742)
(402328954, 402328955)
(1338726382, 1338726340)
(1249763080, 1249763061)
(1241362606, 1241362599)
(1252224471, 1252224597)
(1252224568, 1252224706)
(288195747, 288195748)
(1059564843, 1059564876)
(1338726348, 1338726388)
(1251283199, 1251283026)
(1337026368, 1337026675)
(1338726323, 1338726394)
(1251283110, 1251283393)
(1052938396, 1052938338)
(1052803110, 1052802978)
(1242512475, 288201960)
(1249745198, 1249745577)
(1252224489, 1252224531)
(1338672291, 1052938362)
(1337026768, 1337026636)
(1338688696, 1338688284)
(402328941, 402328942)
(1337026555, 1337026343)
(1052047930, 1052047876)
(1338726314, 1338726368)
(1052047738, 1052047949)
(1252224700, 1252224716)
(1249745307, 1249745469)
(1241362680, 1241362481)
(1052938398, 1052938423)
(26130639, 1207585759)
(1246641023, 1246640954)
(1052938420, 1052938432)
(367602535, 367602533)
(1249745652, 1249745222)
(288201958, 1242512475)
(1337336314, 1337336306)
(1252224661, 1252224601)
(1055447102, 1055447105)
(1241362612, 1052803092)
(367602531, 367602529)
(1241362572, 1241362546)
(1109164935, 1109165000)
(1251300462, 1251300491)
(1252224701, 1252224487)
(367604110, 367604115)
(1238411864, 1238411888)
(1249745656, 1249745252)
(1337026273, 1337026568)
(26130605, 26130602)
(367602637, 367602625)
(1241362753, 385747128)
(1251300454, 1251300489)
(1051964562, 1059564704)
(367602544, 367602538)
(1249745399, 899126705)
(1286223597, 1286223726)
(1241362715, 1241362741)
(1241362520, 1241362587)
(423785044, 1038409291)
(1251283053, 1251283120)
(1249745268, 1249745387)
(1337026673, 1337026542)
(899126520, 1252224565)
(402329046, 402329047)
(1249763033, 1249763044)
(1338672125, 1338672032)
(1337026436, 1337026256)
(1051964513, 1051964591)
(1337026613, 1337026404)
(1241362650, 1241362590)
(1338672356, 1338672249)
(1252224470, 1252224744)
(1337026266, 1337026673)
(1337026336, 1337026275)
(1286223544, 1286223668)
(1338688450, 1338688647)
(1238411791, 1238411771)
(367602538, 367602535)
(1252224547, 1252224490)
(1251300439, 1251300451)
(1238420391, 1238420339)
(1286223568, 1286223695)
(402328723, 1242959158)
(1052802706, 1052803019)
(26130608, 26130605)
(1241362602, 1241362751)
(1252224745, 1252224704)
(1252224576, 1252224473)
(1051964161, 1051964142)
(1242959175, 1242959160)
(1054703920, 1054703897)
(1229047705, 1229047701)
(1337026780, 1337026316)
(1338688624, 1338688504)
(1052047947, 1337026470)
(1286223591, 1286223714)
(1286223686, 1286223538)
(1241362675, 1241362579)
(1052047859, 1052047814)
(1241362640, 1241362698)
(1338726325, 1338726364)
(1242512348, 1052802780)
(1241362735, 1241362720)
(1338688473, 1338688666)
(1338672267, 1338672091)
(1338672078, 1338671957)
(1338672288, 1338672105)
(1207585756, 1207585644)
(1337026755, 1337026414)
(1251283103, 1251283147)
(1229047705, 1052803019)
(1252224545, 1252224718)
(994629160, 994629151)
(1338672284, 288201992)
(1249745630, 385750416)
(1337026727, 1337026539)
(1241362581, 1241362642)
(1052802868, 1052803116)
(1229010141, 1241362717)
(1241362596, 1241362735)
(1241362616, 1241362480)
(1337026314, 1337026607)
(1252224757, 1252224523)
(288201931, 288201938)
(385747127, 288201991)
(1238411860, 25264987)
(1246640902, 1246641075)
(1251283024, 1251283216)
(1249745667, 1249745559)
(1251283360, 1251283277)
(1252224725, 1252224518)
(1229010153, 1229010132)
(1051988649, 1051988639)
(1338672011, 1338672371)
(402328886, 402328887)
(1337026270, 1337026741)
(1338672133, 1338672006)
(1252224468, 1252224596)
(288201961, 1052803062)
(1337026518, 1337026352)
(402328913, 402328930)
(1052938423, 1338672291)
(1238420282, 1238420459)
(1251283304, 1251283026)
(1241362720, 1241362628)
(1338726373, 1338726396)
(1052803000, 1052802784)
(1249745642, 1249745212)
(1338671990, 1338672350)
(1252224743, 1252224725)
(1051964118, 1051964397)
(1238411774, 1238411893)
(1337026556, 1337026415)
(1242959158, 1238420266)
(1338672150, 1338671968)
(1251283362, 1251283143)
(1249745393, 1249745289)
(899126642, 1109164322)
(1338726347, 1338726312)
(1249745163, 1249745379)
(1337026670, 1337026470)
(1252224582, 1252224566)
(1338726349, 1338726421)
(1337026474, 1337026569)
(1337026800, 1337026663)
(1052802816, 1052802868)
(1252224752, 1252224708)
(1338672004, 1338672324)
(1249745225, 1249745564)
(1252224636, 899126709)
(1238420412, 1238420345)
(1241362729, 1241362604)
(1251282988, 1251283368)
(1338672142, 1338672017)
(402328982, 402328983)
(1249763060, 1249763043)
(1242512380, 1242512331)
(1241362701, 1241362478)
(1251283214, 1251283076)
(1238420475, 1238420428)
(1338688778, 1338688370)
(1338726394, 1338726341)
(1338671957, 1338672319)
(1251283172, 1251283254)
(1241362739, 1241362561)
(1249745547, 1249745574)
(1252224636, 1252224574)
(1338672029, 1338672136)
(1246640863, 1246641075)
(1054703900, 1054703914)
(1252224515, 1252224629)
(1238420453, 1238420462)
(1337026645, 1337026314)
(1051964165, 1051964213)
(1251282969, 1251283284)
(1238420353, 1238420349)
(1109149458, 1109149310)
(1337026457, 1337026505)
(1251300483, 1251300462)
(1238411811, 1238411845)
(1246640870, 1246640946)
(1252224451, 1252224717)
(1249745636, 1249745551)
(1238411872, 1238411864)
(1241362586, 1241362659)
(1337026771, 1337026637)
(1252224659, 1252224448)
(1054703929, 402328719)
(1337026607, 1337026414)
(1251283149, 1251283007)
(1286223563, 1286223597)
(1338688601, 1338688330)
(1337026267, 1337026554)
(1242512376, 1242512326)
(1241374682, 1241374678)
(1252224712, 1252224479)
(1252224674, 1252224705)
(1051988596, 288201963)
(1238420349, 1238420280)
(1207585368, 1207585835)
(1052803108, 1052803092)
(1338726303, 1338726396)
(1242512356, 1242512362)
(1338726356, 1338726316)
(1052803116, 1052802721)
(1251283336, 1251283138)
(275996477, 275996478)
(1338672371, 1338672197)
(1246641048, 1246640984)
(402329042, 402329043)
(1241362585, 1241362561)
(1052802707, 1238420374)
(1337026211, 1337026732)
(1052938464, 1052938362)
(1251283277, 1251283395)
(1337026236, 1337026748)
(1251283202, 1251283074)
(1337026373, 1337026262)
(1337026277, 1337026753)
(1249745611, 1249745523)
(1241362684, 1241362532)
(1252224492, 1252224443)
(1241362669, 1241362755)
(1249745454, 1249745197)
(1337026688, 1337026495)
(288195755, 288195756)
(402328883, 402328884)
(1249745426, 1249745689)
(1249745364, 1249745571)
(1338672402, 1338672303)
(1249763035, 1249763046)
(1052047898, 1052047778)
(1249745540, 1249745557)
(1252224508, 1252224645)
(1052047845, 1337026660)
(1242959185, 1242959175)
(1337336310, 1337336314)
(1338726338, 1338726391)
(1242959126, 1242512324)
(1242959139, 1242959122)
(1338672265, 1338672336)
(1238411765, 1238411753)
(367602529, 367602526)
(1051964615, 1051964279)
(1051964140, 1051964232)
(1207585629, 26130642)
(1055447068, 1055447070)
(1337026493, 1337026323)
(402328716, 402328717)
(1249745523, 1249745432)
(1252224521, 1252224496)
(1338672176, 1338672045)
(1251282938, 1251282905)
(1337026648, 1337026515)
(1338672187, 1338672053)
(1052802726, 1052803110)
(1249745554, 1249745615)
(1052802980, 1052803023)
(1337026675, 1337026545)
(1249745393, 1249745569)
(288201975, 288201972)
(1249745654, 1249745508)
(1249745433, 1249745678)
(1249745243, 1249745419)
(1238420246, 1238420391)
(1241362664, 1241362535)
(1052047682, 1346179420)
(1241362697, 1241362511)
(1251283229, 1251283092)
(1241362628, 1241362564)
(1252224681, 1252224470)
(1286223674, 1286223708)
(899126595, 1109164820)
(402328920, 402328921)
(1251283312, 1251283131)
(1249745569, 1249745256)
(994629135, 994629160)
(1251300473, 1251300481)
(1241362671, 1241362470)
(1052047876, 1052047679)
(1252224755, 1252224638)
(1251283340, 1251283139)
(1337026453, 1337026259)
(1238420280, 1238420447)
(1338726335, 1338726374)
(1337026283, 1337026769)
(1252224604, 1252224452)
(1249763051, 1249763077)
(402328932, 402328933)
(1242512426, 1242512376)
(1249745268, 1249745289)
(1252224570, 1252224548)
(1038409291, 1038409294)
(1229010149, 1052803035)
(1229010152, 1229010149)
(1229047680, 1229047708)
(402328912, 402328913)
(1251283138, 1251283312)
(1249745366, 1249745527)
(1286223626, 1286223623)
(1338688594, 1338688453)
(1241374681, 1241374675)
(1337026693, 1337026616)
(1252224705, 1252224648)
(1252224536, 1252224513)
(1241362652, 1241362713)
(1238411822, 1054703912)
(1252224690, 1252224672)
(1051964276, 1051964506)
(1052938445, 1249745434)
(1337026770, 1337026692)
(1252224674, 1252224653)
(1337026482, 1337026278)
(1337026352, 1337026784)
(367604099, 367604105)
(1252224704, 1252224489)
(1241362667, 1241362483)
(1242512475, 1242512378)
(1338672286, 1338672143)
(1055447100, 1055447102)
(25264987, 1238411858)
(1241362747, 1241362664)
(1242959124, 1242959120)
(1251300449, 1251300482)
(1337026326, 1337026233)
(1337026626, 1337026770)
(402328901, 402328902)
(1246640946, 1246641058)
(1249745695, 1249745417)
(1249763046, 1249763070)
(1207585464, 1207585698)
(1051988626, 1051988649)
(1241362518, 1241362669)
(1337026260, 1337026730)
(1052802949, 1052802710)
(1229010132, 1229010134)
(1337026706, 1337026562)
(1207585371, 1207585798)
(402328905, 402328906)
(1251282931, 1251283247)
(1238420481, 1238420453)
(402328898, 402328899)
(1059564883, 1051964343)
(1338688637, 1338688228)
(1286223561, 1286223686)
(1338672249, 1338672082)
(1338726451, 1338726331)
(1252224716, 1249745619)
(402328889, 402328890)
(1052802710, 1052802793)
(1338726386, 1338726333)
(1249745427, 1249745570)
(1249745587, 1249745421)
(1054703937, 1052802976)
(1337026497, 1337026782)
(1109165007, 1109164943)
(1251282900, 1251283227)
(1337026629, 1337026430)
(1338726456, 1338726354)
(899126592, 1239300052)
(1241362656, 1241362637)
(1337026264, 1337026500)
(1052047962, 1346179432)
(1338688621, 1338688753)
(1242512370, 1242512358)
(402328930, 402328931)
(402328881, 402328882)
(402328965, 994629150)
(1239300052, 899126490)
(1051964135, 1051964373)
(1238420451, 1238420226)
(423840622, 423840624)
(1337026249, 1337026690)
(1242959144, 1242959137)
(1052802977, 1242959130)
(1249745422, 1249745446)
(1249763070, 1249763057)
(1338672012, 1338672304)
(1251283190, 1251283270)
(1338672399, 1338672201)
(1238420290, 1238420455)
(1251283197, 1251282945)
(1251283000, 1251283245)
(402328958, 402328959)
(1286223702, 1286223740)
(1337026261, 1337026727)
(1251300491, 1251300473)
(1286223628, 1286223548)
(1338688504, 1338688639)
(1249745412, 1249745600)
(1337026735, 1337026604)
(26130599, 1238411828)
(1059564876, 1059564879)
(1242512388, 1242512380)
(275996469, 275996470)
(1241362490, 1241362560)
(1242959153, 1242959147)
(1249745521, 1249745503)
(1238411852, 1238411813)
(1241362680, 1241362489)
(1337026799, 1337026726)
(1337026356, 1337026257)
(1338726341, 1338726301)
(1337026503, 1337026336)
(1338726402, 1338726451)
(1238420421, 1238420272)
(1286223714, 1286223666)
(1249745627, 1249745615)
(1338672018, 1338672388)
(1338671947, 1338672310)
(1052802958, 1052803014)
(1251283057, 1251283124)
(288201996, 288201989)
(1249763077, 1249763036)
(1051964397, 1051964564)
(1251283031, 1251282873)
(1249763054, 1249763051)
(1338671984, 1338672305)
(367602533, 367602531)
(1337026573, 1337026457)
(1238420224, 1238420455)
(1238411886, 1238411910)
(402329049, 402329050)
(1338672137, 1338672011)
(26130613, 1052803109)
(1251283046, 1251283119)
(1337026590, 1337026456)
(1251283365, 1251282941)
(1252224667, 1252224579)
(1052802760, 1241362583)
(1241362654, 1241362563)
(1251282882, 1251283134)
(1249745174, 1249745626)
(1251283180, 1251283102)
(1249745158, 1249745368)
(1249763056, 1249763033)
(1249745533, 1249745337)
(1051964348, 1051964135)
(1241362470, 1241362540)
(1337026788, 1337026334)
(1207585825, 1207585409)
(1242512433, 1242512484)
(402329041, 402329042)
(402328896, 402328897)
(1238420339, 1238420351)
(1229010145, 1241362586)
(402328953, 402328954)
(1252224741, 1252224538)
(1052047791, 1052047721)
(423840617, 423840620)
(1238411839, 1238411837)
(1286223726, 1286223621)
(1249745542, 1249745367)
(1252224561, 1252224471)
(1251300439, 1251300475)
(26130553, 1207585763)
(402328976, 402328977)
(1337026227, 1337026738)
(1052802721, 1052802775)
(1337026752, 1337026553)
(1337026390, 1337026267)
(1252224608, 1252224720)
(1337026692, 1337026550)
(1052802793, 1052803078)
(1338672291, 1338672024)
(1207585732, 1207585756)
(423840620, 423840622)
(1338672082, 1338672004)
(1337026251, 1337026702)
(402328939, 402328940)
(1251300475, 1251300483)
(1109164399, 1109164282)
(1251282941, 1251283048)
(1337026310, 1337026214)
(1337026721, 1337026573)
(288201972, 1229010143)
(1286223695, 1286223731)
(1286223736, 1286223550)
(1051964506, 1059564705)
(1054703932, 1054703920)
(1337026271, 1337026564)
(1252224646, 1249745286)
(1207544173, 1207544164)
(1238420410, 1238420246)
(1337026784, 1337026655)
(899126705, 899126487)
(1249763063, 1249763047)
(1338688455, 1338688596)
(1338688510, 1338688699)
(1338672021, 1338672181)
(1252224637, 1252224575)
(1286223599, 1286223626)
(1207585756, 1207585635)
(1241362663, 1241362686)
(1242959130, 1052802890)
(1338672211, 1338672352)
(1052802828, 1241362608)
(1338672340, 1338672068)
(402328935, 402328936)
(1051964462, 1051964584)
(1338672197, 1338672093)
(1337026779, 1337026647)
(1249745633, 1249745592)
(1337026512, 1337026346)
(1251283119, 1251283351)
(1338672355, 1338672183)
(1052803100, 1052802760)
(367604083, 367604088)
(367604083, 1252224482)
(1052803109, 1052802977)
(402329047, 402329048)
(1338672353, 1338672244)
(1251282965, 1251283225)
(1249745381, 1052938341)
(402328909, 402328910)
(1109149412, 26130479)
(1337026798, 1337026546)
(1242959158, 1242959119)
(1241362597, 1241362745)
(1238420229, 1238420410)
(1052802722, 1052802819)
(1252224540, 1252224615)
(1338672345, 1338672163)
(1242959160, 1242959124)
(1249763073, 1249763075)
(1238420325, 1238420287)
(1241362528, 1241362575)
(402329060, 402329061)
(1252224447, 1252224755)
(1337026430, 1337026301)
(1238420345, 1238420257)
(1052047878, 1052047820)
(402329056, 402329057)
(1338726437, 1338726314)
(1252224554, 1252224529)
(367602625, 367602618)
(1338672304, 1338672125)
(1241362564, 1241362606)
(402328985, 402328986)
(1337026597, 1337026272)
(25264987, 1052803080)
(1051964584, 1051964326)
(1207585532, 1207585401)
(1337026520, 1337026292)
(1051964274, 1051964516)
(1051964591, 1051964391)
(1238411853, 1238411912)
(1337026607, 26130611)
(1337026708, 1337026543)
(1337026498, 1337026330)
(1251282997, 1251283091)
(402328977, 402328978)
(1249745621, 1249745198)
(1249745670, 1249745160)
(1238420226, 1238420223)
(1346179412, 1052047682)
(1052802707, 1052802828)
(1249745318, 1249745590)
(1251283080, 1251283024)
(1052047949, 1052047850)
(1246640877, 1246640930)
(1052802819, 1229047680)
(1207585759, 1207585454)
(1337026495, 1337026324)
(1338726303, 1338726430)
(994629172, 994629136)
(899126705, 1252224709)
(1338726420, 1338726457)
(402328945, 402328937)
(1051988642, 1051988626)
(1251283399, 1251283160)
(1249763071, 1249763034)
(1338688703, 1338688236)
(1252224738, 1252224536)
(288195827, 288195829)
(1241362525, 1241362747)
(1051964146, 1051964384)
(1052938372, 1052938396)
(1249745600, 1249745205)
(1251283223, 1251283082)
(1238420388, 1238420325)
(1338688731, 1338688271)
(288201916, 288201962)
(367602575, 367602570)
(1251300482, 1251300490)
(1337026350, 1337026252)
(1251300489, 1251300445)
(1251283274, 1251283118)
(1251283021, 1251283378)
(1338726396, 1338726318)
(1251283150, 1251282990)
(1249745395, 1249745645)
(1252224688, 1252224755)
(1249745543, 1337026644)
(1337026726, 1337026758)
(1338672383, 1338672207)
(1052802990, 1242512408)
(1249763061, 1249763038)
(1241362617, 1241362709)
(1337026554, 1337026412)
(1286223709, 1286223536)
(1238411779, 1238411822)
(402328957, 402328958)
(1238420326, 402328714)
(402329054, 402329055)
(1059564704, 1059564886)
(288195764, 288195765)
(1249745413, 1249745254)
(1051964340, 1051964097)
(1337026710, 1337026567)
(1286223659, 1286223609)
(1251283121, 1251283310)
(1051964374, 1051964192)
(1337026343, 1337026249)
(1286223643, 1286223578)
(1252224614, 1252224671)
(1337026610, 1337026468)
(1251283048, 1251283146)
(1337026767, 1337026269)
(1252224493, 1252224525)
(1246640947, 1246641123)
(1238420398, 1238420323)
(1337026642, 1337026295)
(1052047680, 1052047661)
(1249745567, 1249745487)
(1338672221, 1241362678)
(1249745522, 1249745587)
(1242512409, 1242512431)
(1338672091, 1338672009)
(1338688392, 1338688536)
(1338672044, 1338672385)
(1338672289, 1338672333)
(1337026255, 1337026654)
(1337026230, 1337026767)
(1242512328, 1242512437)
(1241362535, 1241362744)
(1286223700, 1286223658)
(1238420325, 1238420468)
(1241362741, 1241362500)
(1241380425, 1241380433)
(1252224529, 1252224663)
(1337026753, 1337026439)
(1241362547, 1241362701)
(1051964354, 1051964069)
(1286223601, 1286223643)
(1051964493, 1051964268)
(1251283307, 1251283274)
(1249745226, 1252224638)
(1252224473, 1252224753)
(1246640852, 1246640854)
(1249745293, 1249745324)
(1229047698, 1052802712)
(1338672101, 1338671981)
(1338688304, 1338688247)
(1051964192, 1051964140)
(288201969, 288201977)
(1251283162, 1251283121)
(1249745366, 1249745320)
(1241374675, 1242959126)
(1337026564, 1337026434)
(1338688465, 1338688603)
(1059564879, 1059564881)
(899126476, 899126689)
(1229010143, 1241362468)
(1242512454, 1242512479)
(1251283296, 1251283148)
(288201977, 288201978)
(1242512425, 1241374674)
(1249763059, 1249763063)
(1251282902, 1251283190)
(1251283142, 1251283200)
(1337026254, 1337026708)
(1249745650, 1249745598)
(1051964551, 1051964462)
(1241362711, 1241362486)
(1338672119, 1338672029)
(1337026399, 1337026704)
(1338672327, 1338672141)
(1242512365, 1242512337)
(1249745674, 1249745307)
(1249745525, 1249745644)
(1338726337, 1338726443)
(1249745633, 1249745269)
(1052938380, 1052938479)
(1207585405, 1207585385)
(1052047800, 1052047736)
(1229010142, 1229010128)
(1229047701, 1052802706)
(1241362598, 1241362661)
(1249745578, 1249745412)
(1249745428, 1249745331)
(1249745382, 1249745553)
(1052047721, 1052047859)
(1207585763, 26130555)
(1249745638, 1249745491)
(994629173, 994629135)
(1252224654, 1252224447)
(1051964295, 1051964463)
(1338688234, 1338688592)
(1286223670, 1286223546)
(1338726440, 1338726346)
(1251283344, 1251282913)
(1252224718, 1252224507)
(1052047902, 1052047818)
(1207585894, 1207585686)
(1338726410, 1338726359)
(1241362625, 1241362657)
(1249745486, 1249745366)
(1338688254, 1338688187)
(402328961, 402328962)
(402328902, 402328903)
(1338726390, 1338726349)
(1207585624, 1207585532)
(1241362622, 1241362525)
(288195753, 288195755)
(1242512403, 1242512332)
(1249745160, 1249745596)
(1052802780, 288201959)
(402329062, 402328944)
(1051964042, 1051964297)
(1338688247, 1338688583)
(385747128, 1241362591)
(1052938345, 1052938401)
(1238411813, 1238411761)
(1338688187, 1338688594)
(1249745569, 1249745422)
(1238420401, 1238420449)
(1252224506, 1252224738)
(402328894, 402328895)
(1337026644, 1249745416)
(367602602, 367602597)
(402328986, 402328987)
(1207585756, 1207585584)
(1251283137, 1251283194)
(1338672363, 1338672191)
(1252224722, 1252224568)
(1242512431, 1242512328)
(1337026376, 1337026205)
(1252224526, 1252224661)
(1251283026, 1251283304)
(1249745315, 1249745636)
(26130480, 1109149452)
(1207585497, 1207585783)
(1251282873, 1251283133)
(1052803036, 1052802884)
(1249745496, 1249745522)
(1246640938, 1246640967)
(1338672351, 1241362734)
(1052047761, 1052047870)
(1246640861, 1246640938)
(1286223728, 1286223645)
(1052938325, 1052938467)
(1052047944, 1052047902)
(1252224756, 1252224554)
(1249745610, 1249745621)
(402328942, 402328943)
(402328978, 402328979)
(1252224672, 1252224477)
(1338688596, 1338688721)
(1238420462, 1238420221)
(1242512466, 1242512449)
(1242959179, 1242959121)
(1338672113, 1338672327)
(402328884, 402328885)
(1337026549, 1337026327)
(1251283304, 1251282880)
(1252224747, 1252224547)
(402328714, 402328722)
(1251283132, 1251283080)
(1229010154, 1241362712)
(1239300052, 1252224585)
(1051964124, 1051964365)
(1207585508, 1109149473)
(1251282934, 1251283028)
(1249745509, 1249745535)
(1241362642, 1241362732)
(1238411771, 1238411788)
(1109164801, 1109164113)
(1055447105, 1055447108)
(1249745622, 1249745476)
(1249745415, 1249745598)
(1229047654, 1229010134)
(1051964315, 1051964328)
(1338672370, 1338672267)
(1252224486, 1249745424)
(1252224525, 1252224451)
(1238411762, 1238411791)
(1338726454, 1338726417)
(899126428, 367602647)
(1286223608, 1286223735)
(1251282986, 1251283223)
(1249745564, 1249745511)
(1109164330, 899126533)
(1249745536, 1249745344)
(1207585423, 1207585912)
(1249745160, 1249745602)
(288201991, 1241362607)
(1337026550, 1337026518)
(1241362545, 423840627)
(1337026782, 1337026665)
(1337026316, 1337026227)
(1052938489, 1052938445)
(1249763043, 1249763049)
(1338672112, 1338672025)
(1337026371, 1337026264)
(1241380428, 1241380436)
(1241362497, 1241362723)
(1251283157, 1251283360)
(1242512326, 1242512477)
(1242512461, 1242512345)
(1249745403, 1249745650)
(1252224720, 1252224510)
(1238411895, 1054703927)
(899126430, 1249745640)
(1337026783, 1337026587)
(1252224523, 1252224667)
(1207585686, 1055447068)
(1207585385, 1207585369)
(1242512374, 1242512425)
(1338726421, 1338726378)
(1251283332, 1251283125)
(1338726444, 1338726410)
(1242512477, 1242512433)
(1249745409, 1249745656)
(402329050, 402329051)
(1241362488, 1241362557)
(1337026734, 1337026597)
(1242512437, 1249745408)
(1338672006, 1338672363)
(1337026629, 1052802828)
(1241362588, 1241362472)
(1337026435, 1337026281)
(1252224627, 1252224748)
(1249763075, 1249763059)
(1249745652, 1249745572)
(1051964365, 1051964394)
(1242959182, 1241380424)
(1207585823, 1207585695)
(1242512433, 1242512388)
(1337026773, 1337026287)
(275996474, 1338726382)
(1207585587, 1207585894)
(1246640834, 1246640949)
(1229010127, 1229010144)
(1251283114, 1251283154)
(1251283133, 1251282945)
(1337026346, 1337026779)
(1238411904, 1238411779)
(1249745508, 1249745533)
(1252224545, 1252224472)
(1051964564, 1051964226)
(1286223641, 1286223589)
(1249745626, 1249745302)
(994629181, 994629172)
(1238411894, 1238411826)
(1337026269, 1337026318)
(1246640949, 1246640947)
(1249745385, 1249745639)
(1052802978, 288201958)
(26130611, 1337026640)
(1251282971, 1251283250)
(1055447111, 1246640877)
(1246640828, 1246640905)
(1246640980, 1246641001)
(288201917, 1238411874)
(1338672076, 1338671947)
(402328951, 402328952)
(1249745465, 1249745393)
(26130642, 1055447074)
(1241362726, 1241362602)
(1337026725, 1337026453)
(1249745586, 1249745643)
(1338672398, 1338672293)
(402328936, 402328937)
(1051964502, 1051964274)
(1286223666, 1286223654)
(1249745593, 1249745428)
(1252224631, 1252224603)
(1337026408, 1337026244)
(1249745548, 1249745448)
(1052047989, 1052047791)
(1246640949, 367604124)
(1338671995, 1338672057)
(1337026437, 1337026285)
(1338726340, 1338726444)
(1249745567, 1249745399)
(402328931, 402328932)
(288201976, 288201973)
(1338688424, 1338688621)
(1249745693, 1249745341)
(1051964606, 1051964398)
(1338672057, 1338672242)
(1241362478, 1241362715)
(1338726313, 1338726366)
(1109164322, 1109165007)
(1249745619, 1249745397)
(1052802890, 1337026629)
(1207585766, 1207585820)
(1238420266, 385747129)
(1337026478, 1337026721)
(1286223538, 1286223741)
(1052938415, 1052938345)
(1338672136, 1338672345)
(1249745431, 1249745468)
(1337026690, 1337026549)
(1109165000, 1109164309)
(1338671962, 1338672265)
(1252224482, 1252224463)
(402329055, 402329056)
(1251283118, 1251283287)
(1337026491, 1337026230)
(1251283052, 1251283170)
(1051964328, 1051964354)
(1337026247, 1337026458)
(402329044, 402329045)
(1238420243, 1238420388)
(26130634, 26130636)
(1052047871, 1052047761)
(1052802712, 1242512345)
(1052802784, 1052802949)
(1338688647, 1338688778)
(1252224513, 1252224650)
(1249745452, 1249745194)
(1241362527, 1241362622)
(1337026669, 1337026592)
(1338671978, 1338672290)
(1059564889, 1051964304)
(1251282960, 1251283050)
(1251283380, 1251282965)
(1246640997, 1246640870)
(1338671954, 1338672315)
(1242512417, 1242512356)
(423840605, 423840609)
(423840626, 423840627)
(288195823, 288195827)
(994629136, 994629158)
(1052047742, 1052047898)
(1207585644, 1207585753)
(994629188, 994629166)
(1337026246, 1337026750)
(1252224731, 1252224528)
(1238420468, 1238420426)
(1246640956, 1246640879)
(1249745559, 1249745582)
(1246641123, 1246640851)
(1249763049, 1249763076)
(1052938432, 1052938372)
(1241362591, 423840605)
(1249745416, 1249745293)
(1338672216, 1338672370)
(1241362584, 1241362663)
(899126487, 1252224636)
(1249745619, 1252224763)
(1241362627, 1241362718)
(1051964121, 1051964295)
(1252224557, 367604083)
(899126620, 1052047846)
(1337026412, 1337026248)
(1249745406, 1249745638)
(1242512347, 1242512314)
(1051964142, 1051964042)
(1249745197, 1249745315)
(1252224546, 1252224683)
(1249745502, 1249745277)
(1337026560, 1337026399)
(1241362685, 1241362680)
(1251282945, 1251283197)
(1059564881, 1051964146)
(1238411890, 1238411872)
(288201938, 288201933)
(1252224590, 1252224723)
(1052047928, 1052047974)
(1286223700, 1286223583)
(1249745272, 1249745455)
(1249745284, 1249745594)
(1338726427, 1338726378)
(1109149452, 1109149412)
(1338688513, 1338688649)
(1052938489, 1242512437)
(1054703922, 1054703934)
(1249745617, 1338726354)
(423785045, 423785046)
(385747129, 1242959122)
(1338671959, 1338672258)
(1286223620, 1286223547)
(275996473, 275996474)
(1242512394, 1242512342)
(402328891, 402328892)
(1286223580, 1286223705)
(367602647, 367602642)
(1242512342, 1242512387)
(1251283145, 1251283214)
(1249745339, 1242512440)
(1338726439, 1338726454)
(1241362637, 1229010144)
(1337026669, 1337026571)
(1238420316, 1238420293)
(1338672009, 1338672333)
(1207544168, 1207544184)
(1337026324, 1337026648)
(1338672324, 1338672187)
(1241362677, 1241362692)
(26130555, 26130558)
(1251300447, 1251300441)
(899126474, 899126592)
(1207585454, 1207585527)
(1241362486, 1241362591)
(1252224639, 1252224540)
(1251283135, 1251282962)
(402328964, 402328965)
(1338726431, 1338726446)
(1338672284, 1338672142)
(1252224638, 899126430)
(1238411775, 1238411811)
(1242512314, 1242512365)
(402328911, 402328912)
(1241362659, 1241362596)
(1052803092, 1052802810)
(1242512477, 1242512348)
(288201980, 288195748)
(1252224697, 1252224639)
(1338672156, 1338672041)
(1251283242, 1251283097)
(1286223654, 1286223678)
(1338726418, 1338726386)
(1251283005, 1251283281)
(1286223611, 1286223639)
(367604088, 367604093)
(1338672337, 1338672203)
(26130574, 1054703910)
(1249745252, 1249745680)
(1241362729, 1241362512)
(385747128, 1238429122)
(1249745392, 1054703898)
(1238411750, 1238411788)
(402328923, 402328924)
(1238420224, 1238420253)
(1252224550, 1252224526)
(1251283128, 1251283390)
(1109164713, 1109164365)
(1251283081, 1251282881)
(1051964463, 1051964482)
(1252224524, 1252224506)
(1249745596, 1249745431)
(1207585753, 1207585766)
(402328916, 402328915)
(1337026517, 1337026310)
(1337026660, 1052047871)
(1337026577, 1337026512)
(288201970, 288201975)
(1337026741, 1337026548)
(1286223536, 1286223658)
(1338672388, 1338672211)
(1337026281, 1337026710)
(1249745446, 1249745493)
(402328984, 402328985)
(1337026665, 1337026461)
(1249745513, 1249745298)
(402328955, 402328956)
(1249745322, 1249745385)
(402328924, 402328925)
(1337026208, 1337026670)
(1337026387, 1337026266)
(1249745307, 1249745465)
(1052803014, 1052802816)
(1338672093, 1338672021)
(1286223740, 1286223656)
(1252224708, 1252224493)
(1337026660, 1337026522)
(288201964, 1249745670)
(1337026571, 1337026669)
(423840615, 423840617)
(402328917, 402328916)
(1238411911, 1238411765)
(1337026663, 1337026459)
(1338672352, 1338672018)
(1338672337, 1338672180)
(1338672218, 1338672071)
(1249745517, 1249745621)
(1052803000, 1052802728)
(288201992, 1207585741)
(1337026417, 1337026251)
(1207544172, 1207544185)
(1346179432, 1346179412)
(994629182, 994629174)
(1286223637, 1286223551)
(1207596215, 1207585825)
(1242959130, 385750413)
(1246641048, 275996469)
(1338688765, 1338688304)
(1337026647, 1337026672)
(1338672224, 1338672111)
(1238420483, 1238420374)
(1059564843, 1246640834)
(26130611, 1052803092)
(1338726443, 1338726407)
(1109164579, 1109164128)
(994629150, 994629175)
(1338726408, 1338726357)
(1051964491, 423840611)
(1238411750, 1337026395)
(1338672295, 1338672087)
(1242512337, 1242512454)
(1338672322, 1338672178)
(1251283334, 1251283137)
(288201938, 1249745243)
(1242959142, 1242959168)
(1207585741, 1239300043)
(1337026687, 1337026493)
(1252224754, 1252224630)
(367602570, 367602564)
(1238420398, 1238420255)
(1251282990, 1251282971)
(1242512408, 1242512461)
(1249745658, 1249745392)
(402329061, 402328834)
(288201961, 288201958)
(1338672050, 1338672269)
(1249745455, 1249745525)
(1252224640, 1252224754)
(1251283120, 1251282908)
(1251283026, 1251283110)
(1337026739, 1337026348)
(1338688233, 1338688427)
(1338726413, 1338726376)
(288201974, 1249745501)
(1337026285, 1337026590)
(1052802810, 25264987)
(1246641096, 1246641023)
(1286223717, 1286223641)
(1238411761, 1238411894)
(288201972, 288201969)
(367602556, 367602552)
(1252224753, 1252224550)
(1241362736, 1241362716)
(1286223589, 1286223739)
(1207585783, 1207585868)
(1052803080, 1338672037)
(1337026543, 1337026778)
(1242959128, 1242959123)
(288201917, 288201916)
(1251300467, 1251300476)
(1337026631, 1337026497)
(1249745344, 1249745395)
(1249745527, 1249745652)
(1249745298, 1249745414)
(1337026542, 1337026612)
(1238411788, 1238411895)
(1051964212, 1051964562)
(1338688203, 1338688332)
(1241380422, 1241380435)
(288201960, 1052802990)
(1251283158, 1051964315)
(1238420223, 402328723)
(1338672056, 1338672377)
(1338672081, 1338672152)
(1251283245, 1207585820)
(1249745211, 1249745611)
(1241362622, 1241362558)
(1252224500, 1252224450)
(1337026248, 1337026695)
(1238411910, 1238411830)
(1338672358, 1338672250)
(1338726415, 1338726384)
(1337026640, 26130608)
(1252224660, 1252224600)
(1052047736, 1052047878)
(1241362691, 1241362753)
(1251283140, 1251283126)
(1251283397, 1251283158)
(1337026515, 1337026455)
(1338688577, 1338688299)
(1252224584, 1252224442)
(1337026500, 1337026283)
(1052047900, 1052047826)
(1251300479, 1251300454)
(1286223708, 1286223620)
(275996476, 275996477)
(402329053, 402329054)
(1338671968, 1338672216)
(26130622, 26130626)
(1238420272, 1238420253)
(1054703923, 26130574)
(1241362678, 1338672334)
(1252224603, 1252224688)
(1251283076, 1251283130)
(1338671981, 1338672340)
(367602612, 367602606)
(1242512478, 1242512440)
(1249745439, 1249745515)
(1249745653, 1249745242)
(1249745635, 1249745196)
(1252224448, 1252224527)
(1251283079, 1251282988)
(1338672385, 1338672078)
(1251283351, 1251283142)
(367602606, 367602602)
(994629148, 994629182)
(1338726425, 1338726319)
(1241362679, 1241362686)
(1251300460, 1251300468)
(1338726435, 1338726400)
(1286223623, 1286223565)
(1251283059, 1251283182)
(1337026748, 1337026613)
(1338726438, 1338726390)
(26130626, 1241362739)
(1242512370, 1242512409)
(1246640900, 1246641096)
(1246640967, 1246641031)
(1052803035, 1052802992)
(1052047820, 1052047947)
(1241362752, 1241362654)
(1249745557, 1249745196)
(1241374673, 1241374683)
(1252224574, 1252224711)
(1338672016, 1338672337)
(1242959120, 1242959142)
(1109149377, 1109149411)
(1251283146, 1251282974)
(1252224597, 1252224546)
(1338672017, 1338672383)
(1337026214, 1337026617)
(1238420404, 1238420412)
(1286223534, 1286223680)
(1252224487, 1252224561)
(1249745615, 1249745454)
(1249745349, 1249745640)
(288201963, 1051988649)
(1286223649, 1286223566)
(1241362561, 26130628)
(1249745626, 1249745483)
(1252224629, 1252224752)
(1251283378, 1251283090)
(1052047679, 1052047797)
(402328897, 402328898)
(1286223671, 1286223568)
(1238420380, 1238420361)
(1286223681, 1286223716)
(1251300485, 1251300467)
(1249763053, 1249763078)
(1241362690, 1241362752)
(1052047729, 1052047928)
(1249745471, 1249745496)
(1338672398, 1338672308)
(1337026562, 1337026350)
(402329051, 402329052)
(1249745457, 1249745490)
(1252224657, 1109164549)
(1249745178, 1249745391)
(1207585492, 1207585357)
(1249745421, 1249745452)
(1241362494, 1241362595)
(1286223579, 1286223724)
(1249745256, 1249745439)
(1229010147, 1229010143)
(1338726374, 1338726420)
(1241362575, 1241362667)
(402328882, 402328883)
(1338672367, 1241362697)
(1338726357, 1338726321)
(1109149480, 1109149328)
(1337026667, 1337026540)
(1338672293, 385747127)
(1251282974, 1251283078)
(1286223566, 1286223601)
(402328922, 402328923)
(1286223546, 1286223580)
(1337026415, 1337026250)
(1249745574, 1249745408)
(288201992, 26130622)
(1241362682, 1241362597)
(1249745512, 1249745617)
(1242959171, 1242959131)
(1249745667, 1249745516)
(1252224518, 1252224573)
(1249763076, 1249763080)
(402329052, 402329053)
(1251283313, 1251283252)
(1249745391, 1249745642)
(1241362746, 1241362530)
(1051964226, 1051964118)
(1052802992, 1052802976)
(1252224630, 1252224555)
(1337026434, 1337026254)
(1251300488, 1251300485)
(288201964, 288201961)
(1338672303, 1338672119)
(1109149348, 1109149458)
(1238420257, 1238420462)
(1337026786, 1337026594)
(1251283194, 1251283116)
(1286223668, 1286223704)
(1337026587, 1337026354)
(1252224559, 1252224640)
(1251283123, 1251283362)
(1109164356, 1109164684)
(1249745674, 1249745268)
(1286223552, 1286223593)
(1337026330, 1337026768)
(288195744, 288195747)
(402328714, 1238420349)
(1051964079, 1051964507)
(1251283174, 1251283081)
(1241362483, 1241362588)
(402328885, 402328886)
(1251300468, 1251300447)
(1238411828, 1337026772)
(1338688367, 1338688565)
(1238420376, 1238420282)
(1051988639, 1051988653)
(1109164128, 899126569)
(1337026769, 1337026800)
(1229010129, 1229010160)
(1251300472, 1251300480)
(1251283091, 1251283380)
(1249745289, 1249745446)
(367602548, 367602544)
(1238411893, 1238411886)
(1338688652, 1338688431)
(1337026327, 1337026236)
(1251300445, 1251300479)
(1251283287, 1251283144)
(1337026772, 1337026314)
(1251282899, 1251283180)
(1338726364, 1338726304)
(1241362497, 1241362599)
(1338688271, 1338688465)
(1252224566, 1252224674)
(1052047712, 1052047738)
(1241362717, 1241362656)
(402328888, 402328889)
(1241362706, 1229010141)
(1338672320, 1338672176)
(1054703912, 1054703900)
(1338672375, 1338672076)
(1055447084, 1055447100)
(1252224508, 1249745657)
(899126490, 899126547)
(1052047814, 1239300050)
(1338672191, 1338672146)
(1337026603, 1337026366)
(402328900, 402328901)
(1207544188, 1207544192)
(1252224695, 1252224731)
(1109164309, 1109164946)
(1337026263, 1337026728)
(1249745424, 1249745399)
(1337336303, 1337336321)
(1241362553, 1241362484)
(1249745468, 1249745339)
(1241362511, 1241362551)
(1338688427, 1338688510)
(1051988653, 1051988600)
(288195748, 288195749)
(1052802902, 1052803131)
(1249745516, 1249745542)
(402328904, 402328905)
(1252224687, 1252224627)
(1251283225, 1251283336)
(1337026377, 1337026265)
(899126510, 899126428)
(1252224579, 1252224468)
(1338688269, 1338688400)
(1052803111, 1052802980)
(1249745640, 1252224713)
(1251282962, 1251282931)
(1059564707, 1059564883)
(1249763034, 1249763053)
(1249745528, 1249745322)
(1238420395, 1238420326)
(1338688639, 1338688486)
(402328980, 402328982)
(1249745483, 1249745502)
(1242959174, 1242959179)
(1241362634, 1241362694)
(1338688332, 1338688473)
(288201978, 288201980)
(1337026476, 1337026771)
(1249745600, 1249745457)
(1241362659, 1241362706)
(367602647, 1252224486)
(1338726301, 1338726415)
(1207585871, 1207585368)
(1241362749, 1241362685)
(1337026402, 1337026706)
(1337026548, 1337026402)
(1242512481, 1249745595)
(288201959, 1229010130)
(1338672269, 1338672137)
(1338726388, 1338726436)
(1337026395, 1337026755)
(1252224510, 1252224582)
(1238420323, 1054703929)
(1242512378, 1242512347)
(1238420293, 1238420398)
(1241374676, 1241374673)
(26130636, 1207585492)
(1051964232, 1051964578)
(1337026299, 1337026734)
(1249745183, 1249745607)
(1051964369, 1051964340)
(1337026558, 1337026417)
(1286223639, 1286223552)
(1337026720, 1337026570)
(1249745515, 1249745465)
(1251283111, 1251283401)
(1337026547, 1337026739)
(1238411856, 1238411775)
(1241362618, 1241362527)
(402328714, 1238420248)
(1242959131, 1242959185)
(1242959122, 288201990)
(1241380436, 1242959182)
(1252224454, 1252224709)
(1286223680, 1286223611)
(26130616, 26130619)
(1249745577, 1249745411)
(1337026250, 1337026700)
(1241362551, 1241362520)
(1286223593, 1286223534)
(1052802858, 402328976)
(1249745490, 1249745253)
(1109164282, 899126614)
(1251283284, 1251283399)
(288195756, 288195760)
(367604093, 367604099)
(1337026334, 1337026246)
(423840611, 423840613)
(1338688781, 1338688321)
(1252224713, 899126607)
(423840613, 423840615)
(1051964052, 1051964513)
(402328952, 402328953)
(1249745429, 1249745695)
(1052802754, 1052803043)
(1338672275, 1338672138)
(402328918, 402328917)
(1338726359, 1338726323)
(1238420248, 1238420243)
(1252224477, 1252224756)
(1338672037, 1052802706)
(1338672288, 1337026224)
(1052938448, 1052938415)
(1286223739, 1286223557)
(1249745432, 1249745163)
(1338672181, 1338672050)
(26130619, 1338672284)
(1249745240, 1249745364)
(402328944, 402328945)
(1337026409, 1337026720)
(1242512451, 1052938489)
(1338672319, 1338672132)
(1242959168, 1242959181)
(1242512463, 1242512426)
(1238420222, 1238420246)
(1286223559, 1286223595)
(288201957, 1242512348)
(1338688299, 1338688652)
(1251283143, 1251283201)
(1239300051, 899126589)
(402328919, 402328918)
(1338726403, 1338726369)
(1051964069, 1051964315)
(1249745602, 1249745349)
(1337026571, 1337026541)
(1109149453, 1109149377)
(402328915, 402328914)
(1241362731, 1241362545)
(1338672123, 1338671995)
(1207585409, 1207585680)
(367602647, 367604034)
(402328921, 402328922)
(1238411858, 1238411856)
(1252224729, 1252224576)
(26130631, 26130634)
(1338672041, 1338672205)
(1338726316, 1338726351)
(1051964097, 1051964601)
(1241362748, 1241362672)
(402328933, 402328934)
(1337026268, 1337026556)
(1242512479, 1242512410)
(1338726423, 1338726325)
(1207544184, 1207544173)
(1251283074, 1251283129)
(1052047974, 1052047729)
(1249745411, 1249745489)
(1252224600, 1252224715)
(1337336321, 1337336312)
(1238420339, 1052802707)
(1249745379, 1249745635)
(1238411826, 1238411820)
(1238411820, 1238411852)
(1251300480, 1251300460)
(1338688284, 1338688424)
(1249745644, 1249745329)
(1286223731, 1286223651)
(1249745493, 1249745387)
(1337026262, 1337026667)
(899126589, 899126510)
(1251283092, 1251283140)
(288195762, 288195764)
(1338726338, 1338726439)
(1337026628, 1337026537)
(1252224575, 1252224712)
(1338672183, 1338672081)
(1286223621, 1286223563)
(1251283072, 1251283128)
(1252224714, 1252224659)
(1286223735, 1286223549)
(1249745605, 1249745667)
(402328720, 402328721)
(1241362635, 1241362695)
(1207585527, 1207585829)
(1337026468, 1337026373)
(1249745503, 1249745678)
(288195767, 1246640980)
(1252224479, 1252224757)
(1241362480, 1241362584)
(1338672201, 1338671993)
(1241380433, 1242959187)
(1337026439, 1337026287)
(1338672305, 1338672167)
(1238411878, 1238411777)
(1337026758, 1337026303)
(1052047870, 1052047990)
(1246640902, 1251283373)
(402328722, 1238420223)
(1109149310, 1207585508)
(1249745339, 288201961)
(1207585635, 1207585371)
(1338672032, 1338672353)
(1249745222, 1249745491)
(1286223707, 1286223671)
(1338688501, 1338688637)
(1251282916, 1251283099)
(1249745649, 1249745333)
(1241362679, 1241362656)
(1252224522, 1252224660)
(1207585497, 1207585423)
(1251283178, 1251283031)
(1338672207, 1338672101)
(1338726321, 1338726427)
(1109164684, 1109164801)
(1238411826, 1052802722)
(1249745223, 288201932)
(1051964343, 1051964098)
(1252224490, 1252224623)
(1337026627, 1337026482)
(1337026444, 1337026289)
(1207585835, 1207585464)
(1249745413, 1249745409)
(1038409300, 423785041)
(1338672336, 1338672038)
(1337026759, 1337026630)
(1337026630, 1337026433)
(1241362607, 1241362634)
(1251283160, 1251282969)
(1241374678, 1241374684)
(994629151, 994629173)
(1251283081, 1251283257)
(1337026323, 1337026270)
(1337026617, 1337026480)
(1286223549, 1286223676)
(1249745341, 1249745331)
(1251283368, 1251283296)
(1286223658, 1286223700)
(1338671967, 1338672286)
(1249745494, 1249745258)
(1207585368, 1207585653)
(1286223557, 1286223683)
(1338672315, 1241362583)
(1052047968, 1052047680)
(367602618, 367602612)
(1337026654, 1337026517)
(1338688401, 1338688551)
(1242512381, 1242512360)
(1207585866, 1207585497)
(1251283134, 1251282960)
(1207544192, 1239302237)
(1251283289, 1251283145)
(1055447134, 1242959142)
(1338726446, 1338726411)
(1338672111, 1338671990)
(1252224596, 899126595)
(1338726354, 1337026277)
(1249763078, 1249763071)
(1338671963, 1338672275)
(385750416, 288201917)
(1249745397, 1249745513)
(1241362596, 1241362647)
(1337026699, 1337026555)
(1241362745, 1241362529)
(1251282880, 1251283172)
(402328927, 402328928)
(1338726351, 1338726393)
(1207585646, 1207585741)
(1337026672, 1337026780)
(1338726332, 1338726453)
(1051964230, 1051964180)
(402328945, 402328949)
(1338688753, 1338688501)
(1249745511, 1249745578)
(1051964207, 1051964369)
(1338672163, 1338672069)
(1249745592, 1249745479)
(1249745458, 1249745528)
(1052802728, 1052802902)
(1051964180, 1051964606)
(1238411841, 1238411813)
(1249745367, 1249745653)
(1242512394, 1242512443)
(1052802775, 402329062)
(1229010141, 1229010127)
(1242959121, 1242959153)
(1337026522, 1337026208)
(1338688373, 1338688703)
(1052938338, 1052938380)
(1249745349, 1249745174)
(288201932, 288201974)
(1249745408, 1242512481)
(1337026535, 1337026798)
(1251283102, 1251282927)
(1241362675, 1241362640)
(1337026755, 1337026645)
(1338672167, 1338672037)
(1252224715, 1252224500)
(1051964279, 1051964185)
(1338672313, 1338672016)
(1251282994, 1251283021)
(1229047667, 1229047708)
(1241362697, 1338672399)
(402328940, 402328941)
(1252224548, 1252224687)
(1249745320, 1249745237)
(1249745302, 1249745605)
(1338672025, 1338672295)
(1249745491, 1249745413)
(1052047690, 1052047989)
(1286223645, 1286223673)
(1249745582, 1249745417)
(1338688592, 1338688781)
(1338672310, 1338672375)
(1251300441, 1251300465)
(1252224707, 1252224492)
(402328925, 402328926)
(1252224672, 1252224741)
(1241362586, 1241362673)
(1241362678, 1241362598)
(1249745476, 1249745536)
(402328934, 402328935)
(26130564, 26130566)
(1338672141, 1338672056)
(1249745649, 1249745226)
(1251283154, 1251283000)
(1052938374, 1052938475)
(1338672308, 1338672129)
(1338726457, 1338726348)
(1051964213, 1051964105)
(367602585, 367602580)
(1338672022, 1338672348)
(1286223612, 1286223642)
(994629157, 994629181)
(1338672047, 1338671962)
(1241362734, 1241362518)
(1249745440, 1249745178)
(1252224744, 899126614)
(1249745489, 1249745440)
(26130619, 288201996)
(1241380421, 1241380429)
(1229010154, 1346179417)
(1249745174, 1249745520)
(1052802780, 1054703937)
(402328926, 402328927)
(1338672334, 1338672201)
(1338672250, 1338672083)
(1338726391, 1338726425)
(1051988600, 1051988596)
(288201970, 1241362659)
(1337026457, 1337026385)
(1251282908, 1251283005)
(1337026287, 1337026644)
(1109164943, 1109164579)
(1337026637, 1337026437)
(1338726411, 1338726365)
(1337026570, 1337026296)
(1252224528, 1252224475)
(1251300490, 1251300472)
(1337026595, 1337026377)
(1338726417, 1338726371)
(1337026738, 1337026268)
(1249745503, 1249745282)
(1252224723, 1252224707)
(1238420351, 1238420483)
(1207585661, 1207585646)
(1251283125, 1251282919)
(1252224475, 1252224604)
(1337026553, 1337026409)
(1241362686, 1241362616)
(1251282905, 1251283192)
(1338672333, 1338672154)
(1241362741, 1241362665)
(1241362634, 1241362709)
(1337026224, 1238411860)
(1252224706, 1252224472)
(1337026612, 1337026255)
(385747127, 385747128)
(288201934, 1229010123)
(1246641001, 1246640852)
(1249745190, 1249745547)
(1054703898, 1054703932)
(1051964098, 1051964212)
(1241362663, 1241362724)
(1338672132, 1338672044)
(1238411795, 1207585753)
(1251283126, 1251283229)
(1286223642, 1286223559)
(1249745598, 1249745433)
(1249745192, 1249745520)
(288201991, 288201992)
(1338688565, 1338688696)
(1338726346, 1338726338)
(1242512342, 1242512408)
(1242959123, 1242959174)
(1286223710, 1286223630)
(1337026244, 1337026693)
(1229010128, 1229010147)
(1241362525, 1241362612)
(1249745337, 1249745158)
(1055447070, 1207585629)
(1252224450, 1252224577)
(1238420280, 402328716)
(1249745313, 1249745610)
(1338688649, 1338688234)
(1249745409, 1249745471)
(1338672178, 1338672047)
(1242959181, 1242959130)
(1249745210, 1249745328)
(1242512449, 1242512417)
(1337026385, 1337026642)
(1337026801, 1337026610)
(402329045, 402329046)
(1251300451, 1251300439)
(1242512324, 1242512374)
(1249745293, 1249745512)
(288195768, 1246640854)
(1338672180, 1338672313)
(1338672290, 1338672156)
(1241362616, 1241362682)
(1252224565, 1252224515)
(1246640851, 1246641026)
(288195760, 288195744)
(402329058, 402329059)
(1252224463, 1252224584)
(1246640863, 26130553)
(1238411830, 1238411839)
(1249745196, 1052938420)
(402328976, 1052803082)
(994629175, 994629163)
(1249745657, 1252224614)
(1052938479, 1052938440)
(1242512370, 1242512478)
(1241362700, 1241362581)
(1238420253, 1238420359)
(275996470, 275996472)
(1241362472, 1241362679)
(1249745387, 1249745622)
(1252224665, 1252224608)
(1239300043, 26130555)
(1251283090, 1251282994)
(1249745542, 1249745489)
(1241362546, 1241362613)
(275996467, 275996468)
(1249745282, 1249745403)
(1337026567, 1337026498)
(1109164820, 899126476)
(1338672087, 1338672112)
(1109164549, 1109164935)
(899126569, 899126531)
(1109149456, 1109149346)
(1337026540, 1337026558)
(1051964601, 1051964207)
(1251283124, 1251282916)
(402328903, 402328904)
(1241374684, 1241374681)
(1337026309, 1338726440)
(1337026772, 1337026640)
(288201989, 288201990)
(288195753, 288195752)
(1338672150, 1338672337)
(1241362755, 1241362538)
(1249745639, 1249745209)
(1252224472, 1252224697)
(1246641123, 1246640902)
(1338672065, 1338671978)
(1286223724, 1286223644)
(1241362665, 1241362726)
(1249745419, 1249745674)
(1252224527, 1252224697)
(1338726366, 1338726402)
(1052938401, 1052938341)
(1337026655, 1337026306)
(1241362625, 1241362687)
(1249745614, 1229010122)
(1241362739, 1241362547)
(1109149468, 1109149456)
(1252224601, 1252224729)
(1338688603, 1338688401)
(1229010130, 1229010133)
(1252224710, 1252224654)
(1337336309, 1337336303)
(1241362682, 1241362650)
(899126531, 1252224596)
(1338672377, 1338672283)
(1252224663, 1252224454)
(1238420328, 385747129)
(1251283147, 1251282986)
(1054703910, 1054703922)
(994629174, 994629178)
(1337026303, 1337026799)
(1249745324, 288201970)
(1241374679, 1241374682)
(402328928, 402328929)
(1241362557, 1241362652)
(1241362723, 1241362531)
(1241362712, 1241362565)
(1337026574, 1337026342)
(1241362681, 1241362618)
(1207585820, 26130639)
(1286223640, 1286223544)
(1249745434, 1249745382)
(1252224527, 1252224655)
(1251282919, 1251282882)
(1286223683, 1286223717)
(1337026305, 1337026261)
(1252224443, 1252224570)
(367604105, 367604110)
(1252224555, 1252224456)
(1051964328, 1251282997)
(1241362597, 1241362578)
(1252224655, 1252224522)
(1337026259, 1337026725)
(1238420342, 1238420324)
(1252224726, 1252224521)
(1337026342, 1337026773)
(1229010133, 1229010122)
(1238420447, 1238420471)
(1249745209, 288201972)
(1238420428, 1238420380)
(1052802854, 1052803108)
(1337026458, 1337026299)
(402328938, 402328939)
(1286223613, 1286223742)
(1252224726, 1252224657)
(1338726304, 1338726431)
(1286223716, 1286223640)
(1249745689, 1338726408)
(1238420324, 1238420353)
(1337026685, 1337026491)
(1054703910, 1246641006)
(1238420410, 1238420376)
(402328890, 402328891)
(1052803043, 402328983)
(26130553, 1246640947)
(1249745496, 1249745680)
(1337026461, 1337026326)
(1252224650, 1252224590)
(1338688536, 1338688716)
(1251282927, 1251282899)
(1238420229, 1238420222)
(1241362532, 1241362748)
(1338688713, 1338688590)
(288201974, 288201976)
(1251283130, 1251282938)
(1238411874, 1238411762)
(899126685, 1109164330)
(26130613, 1242959171)
(275996466, 275996467)
(1052047818, 1052047968)
(1337026657, 1337026520)
(1251283393, 1251282902)
(1338688431, 1338688515)
(1337026757, 1337026444)
(1251283254, 1251283112)
(1052047661, 1052047944)
(1249745205, 1249745554)
(1241380427, 1241380422)
(1338688453, 1338688254)
(26130628, 26130631)
(402328906, 402328907)
(1251283144, 1251283202)
(1241374683, 1241374677)
(1052048007, 1052047800)
(1249745543, 1249745415)
(1338672083, 1338672101)
(1249745594, 1249745183)
(1249745571, 1249745404)
(1249745254, 1249745527)
(1286223565, 1286223688)
(1337026224, 1337026414)
(1052047923, 1052047690)
(1052938445, 1052938464)
(275996465, 275996466)
(1338726352, 1338726303)
(1337026659, 1337026273)
(1338688590, 1338688391)
(1238420380, 1238420316)
(1207585680, 1207596215)
(1338672079, 1338671997)
(1337026541, 1337026376)
(1251283156, 1251283304)
(1337026257, 1337026541)
(1337026604, 1337026390)
(1249763036, 1249763064)
(367602592, 367602588)
(423785041, 423785043)
(1338726405, 1338726442)
(1338688323, 1338688630)
(1238420459, 1238420457)
(1252224452, 1252224695)
(1338688666, 1338688203)
(1052802884, 1052803000)
(1252224585, 899126520)
(1338672143, 1338672239)
(1241380435, 1242959144)
(1338672205, 1338672065)
(1337026545, 1337026312)
(1286223712, 1286223702)
(402328960, 402328961)
(1286223551, 1286223591)
(1337026318, 1337026547)
(1337026569, 1337026211)
(1241362607, 1241362731)
(1338671997, 1338672322)
(1338726400, 1338726373)
(1242512451, 1252224508)
(1054703897, 1054703927)
(1241362751, 1241362731)
(1286223676, 1286223710)
(1251283200, 1251283059)
(1249745645, 1249745225)
(1338672258, 1338672133)
(1246641058, 1246640997)
(1338672283, 1338672099)
(1238420412, 1238420453)
(1252224445, 1252224754)
(1338671993, 1338672351)
(1207585584, 1207585436)
(275996472, 275996473)
(1241362545, 1241362677)
(1337026205, 1337026669)
(1286223673, 1286223599)
(1252224631, 1252224557)
(1251283129, 1251282934)
(1241362647, 1241362706)
(288195829, 288195758)
(1338672038, 1338672356)
(1251283333, 1251283052)
(1337026598, 1337026430)
(1337026301, 1337026797)
(1338672024, 1338672395)
(1338672099, 1338672113)
(288201973, 288201970)
(402328983, 402328984)
(1337026308, 1337026571)
(402329057, 402329058)
(1249745333, 1249745486)
(1338726436, 1338726313)
(1338688515, 1338688323)
(1251300476, 1251300457)
(1252224763, 1252224646)
(1249745331, 1249745432)
(1052938475, 1052938325)
(1338688400, 1338688601)
(1338672040, 1338672358)
(1337026392, 1337026603)
(1338688716, 1338688253)
(1337026366, 1337026535)
(1249745693, 1249745657)
(1337026265, 1337026551)
(1207585677, 1109149453)
(1249745595, 1249745614)
(1229010123, 288201931)
(1241362484, 1241362690)
(1052047826, 1052047962)
(1338726312, 1338726418)
(402328959, 402328960)
(1207585369, 1207585661)
(402328721, 1238420328)
(1249745469, 1249745223)
(1238420374, 1238420407)
(1242512410, 1242512314)
(1338688437, 1338688765)
(1252224531, 1252224665)
(1052938323, 1052938420)
(1252224442, 1252224722)
(1252224573, 1252224710)
(1286223675, 1286223607)
(1286223547, 1286223674)
(1051964326, 1051964551)
(288201964, 1249745339)
(1052802990, 1229047667)
(1241374677, 1241374679)
(1054703914, 1054703923)
(1252224615, 1252224743)
(1251283116, 1251283334)
(402328914, 402328913)
(994629150, 402328970)
(1251283250, 1251283123)
(1251283197, 1251283053)
(1052047677, 1052047704)
(1252224495, 1252224445)
(1249745256, 1249745416)
(1286223688, 1286223728)
(1249763047, 1249763060)
(1252224711, 1252224690)
(1338726330, 1338726430)
(1249745448, 1249745192)
(1051964373, 1051964165)
(1251283390, 1251283344)
(1242512381, 1242512463)
(367602588, 367602585)
(1229047708, 1229047705)
(1249745617, 1249745458)
(1052803078, 1052803111)
(1286223670, 1286223579)
(1052047704, 1052047845)
(1251300465, 1251300449)
(1051964105, 1051964348)
(1207585357, 26130566)
(1241362672, 1241362582)
(1054703898, 1249745630)
(1249763044, 1249763073)
(1241362583, 1052803108)
(1241362558, 1241362747)
(26130602, 26130599)
(1338688228, 1338688367)
(1246640879, 1246640800)
(1109164946, 1109164275)
(402328920, 402328919)
(1338688486, 1338688624)
(1251283078, 1251283365)
(288195750, 288195753)
(1241362535, 1241362606)
(1249745417, 1249745494)
(1338726393, 1338726439)
(1238420407, 1238420404)
(1242512332, 1242512466)
(1338672129, 1338672040)
(1241362481, 1241362550)
(1229010144, 1229010154)
(1054703934, 26130619)
(1286223644, 1286223670)
(402329048, 402329049)
(1249745209, 1249745568)
(1052803082, 1052802958)
(367602597, 367602592)
(1207585798, 1207585677)
(1337026616, 1337026474)
(1337026568, 1337026436)
(1251283127, 1251283333)
(1286223678, 1286223610)
(1051964258, 1051964124)
(1239302237, 1207544168)
(402328893, 402328894)
(1337026256, 1337026659)
(1241362587, 1241362674)
(1251300457, 1251300452)
(1241362690, 1241362681)
(1252224450, 1252224559)
(1346179417, 1052047900)
(1252224645, 1252224745)
(1249745590, 1249745273)
(1286223741, 1286223561)
(1337026272, 1337026247)
(1241362732, 1241362488)
(1249745163, 1249745492)
(1238420361, 1238420421)
(1346179420, 1052047923)
(1338672146, 1338672320)
(1052047797, 1052047930)
(1241362488, 1338672221)
(1229010160, 1229010153)
(1109149441, 1207585677)
(288195749, 288195750)
(1286223595, 1286223712)
(899126709, 1249745226)
(1241362734, 1241362574)
(1338688699, 1338688233)
(1338726365, 1338726330)
(1337026695, 1337026626)
(1242512454, 1242512467)
(1109149346, 1109149318)
(1249745492, 1249745593)
(1249745286, 1252224700)
(1252224496, 1252224637)
(1238411837, 1238411853)
(1051964482, 1051964121)
(1286223651, 1286223675)
(1337026700, 1337026627)
(1229010143, 1229010145)
(1251283028, 1251283307)
(1054703914, 1249745561)
(1338672152, 1338672355)
(1337026289, 1337026723)
(1242959168, 1052802890)
(1238411845, 1238411841)
(402328895, 402328896)
(1241362713, 1241362524)
(1249745535, 1249745693)
(1242959119, 1242959139)
(1286223609, 1286223736)
(1337026295, 1337026786)
(1241362582, 1241362702)
(1251283170, 1251283127)
(1052047850, 1052047712)
(1337026480, 1337026387)
(1337026537, 1337026368)
(402328892, 402328893)
(1337026704, 1337026685)
(1051964304, 1252224545)
(1109164365, 1109164797)
(1252224484, 1252224515)
(1249745194, 1249745313)
(1229010129, 1229047674)
(1246640954, 1246640877)
(1238420221, 1238420229)
(1059564886, 1059564889)
(1241362563, 1241362627)
(1207585527, 1207585866)
(1338726319, 1338726356)
(1338672105, 1338672022)
(1251283227, 1251283340)
(1238420477, 1238420224)
(1241362702, 1249745543)
(385750413, 1052802854)
(1249745258, 1249745429)
(423785040, 1038409300)
(1286223656, 1286223685)
(423840624, 423840626)
(1241362715, 1241362749)