7
aeroway=aerodrome
23
1252224531
1337026710
1238420374
1338672025
1055447070
994629150
1241362598
1337026348
1252224565
1054703927
1241362618
1052047814
1337026377
1252224720
1249745621
1242512342
402329049
1238411878
1249745512
1249745513
1337026281
1241362675
1338688639
aeroway=gate
23
402328965
288201992
1241362698
1251283214
1286223630
1251282960
1052047900
1249745695
288195744
1338726440
994629172
1338688696
402328889
1249745596
1246640956
1052047944
1338672203
1109164365
1338688592
1337026647
1249745503
1241362681
1338688254
aeroway=terminal
23
1238420226
1249745678
1286223630
1338726415
1337026330
1337026590
1051988642
1252224547
1054703910
1249745446
288195756
1251283252
1246640834
402328907
1337026640
1252224722
1338672216
1229010141
1249745252
1251283059
1249745525
1251282934
1207544188
aerodrome:type=*
23
1051964165
1251300488
1286223628
1242959131
1059564707
1052802728
1241362732
275996474
1242512443
1055447100
1252224707
1286223685
1242959179
367602637
1242959182
423785043
1337026644
1251283287
1252224473
1051964513
1338671990
367602552
1337026430
aeroway=heliport
23
1286223623
1338672142
1338672143
1054703900
1337026208
1338672293
994629158
1338672304
1238420404
1337026233
1242512314
1338726332
899126589
1241362753
1252224450
1338688713
1207585357
1337026265
1337026275
1251283053
1051964274
1252224754
1337336314
iata=*
23
1251300481
1251283076
1286223643
1109149480
1249745582
1051964340
1052047797
288195765
1238420280
1286223547
1052047677
1241362752
1338672064
1052047949
402329041
1338672340
1286223577
402329054
1337026784
1052938464
1252224738
1241362680
1249745658
landuse=military
23
1251283229
994629160
1242959147
1286223534
1251283378
1286223552
1338672320
1249745349
1337026503
402328911
1338688592
1052803023
367602642
1238411872
1337026402
402328932
1337026277
1238420457
1252224490
1337026539
1337026287
1052047736
1241362687