7
aeroway=aerodrome
101
129550851
445815817
1295560716
135816225
114310696
114310703
1223751730
478821940
135823926
311624248
111508025
1221804092
495570501
479198283
1243858000
128571477
335557221
478566517
428214907
417060484
133267086
312404119
112593054
112640162
698816685
26015921
111634613
299612349
414913214
428217533
26015933
25632452
1224763596
429544144
25632466
112613592
25507550
506111723
112613613
497317107
1165604087
411029258
411029259
1165604119
445439255
475396375
475080479
497186080
1165604129
497311009
432578851
408431396
432578853
444004646
114318628
415406372
428217640
1236467498
280199468
479188275
475394871
1236473144
133269304
478646590
128623934
427067727
314075477
1207543128
412513630
126542174
311886689
299614562
1108076391
314553196
314553200
1290243443
114328962
987218307
413301124
475408774
479292807
286969224
311887241
428215705
111447972
1097394605
492269491
958305715
497185205
475413943
111459769
286969787
257735105
314074571
475572177
1097394647
1216466396
840460255
26016751
686529011
501252601
aeroway=gate
101
474676238
311886863
343646738
404064790
500010011
1110673446
560975913
663689262
128588848
473873465
921193542
1108247111
135823946
534476366
495570518
122528346
492273248
1143318647
428214912
428215426
480482949
111465606
26015879
475568776
128668302
297369743
402004623
128679581
478632096
479512737
428214949
1110673574
428214951
133267110
314074282
112617147
411614908
473872067
473872071
789709519
789709523
128591059
475716312
479519960
299599582
497871073
112613602
506111719
25503977
480493294
848507122
480495861
1103500535
429433591
1223806714
25504002
480476935
444030217
111649545
414952211
497871637
414952217
374363428
111442215
133269292
444004655
128655665
432578866
475050297
1267417404
297880382
473879871
479309636
414134087
314075470
414134103
474549084
111446373
1108076393
1264279405
479225722
418015100
1207555973
478115206
478115211
500009872
135886741
446308246
1333616042
25504174
474789296
479183794
444023223
129692094
1313888703
1097394630
478862285
410662881
126625250
124367346
475551227
aeroway=terminal
101
698819587
135824906
435240974
495570457
415788575
1097394728
122530856
418198057
1234709046
416406598
497690702
374359632
480499793
1185192020
111486039
1277590625
343634532
1314227305
503018094
428214908
312403586
111465602
479225996
560976012
314074258
122535570
560405654
133267098
479512730
428214938
299608221
473890464
480319144
1243859128
335560382
26016455
1097379530
503018188
299586768
1110673617
478208214
792070359
479519960
663689443
414952166
411014377
663689451
424020212
1110338293
335561973
299613431
25507576
25503993
137819394
1252543234
354912518
129545993
111450382
1267417361
411029268
475396375
445439261
479188266
128623933
411504979
137994581
428215640
90379616
130075492
415335276
126592365
314553200
138198390
493669253
1216789894
314044811
335739277
479412110
111449497
112581021
1290718629
1218948006
497871786
500009902
415398832
96500145
126544306
124388794
424016828
257735105
111459780
111459781
126549453
497690585
414957017
1263433188
414905322
424016877
1263433204
698819573
1110673400
aerodrome:type=*
101
560409093
311624199
416410131
416716824
452682268
111445022
560975903
25632292
404072485
135816229
1097394729
311624246
111508025
493769290
497690702
1221804112
1277620309
111486039
311886935
534476377
480482921
285944429
25632368
497870450
335691892
418092152
138231425
311888515
128578693
1317539974
497190537
428215433
428215435
428215448
476010141
501142175
420807840
26015908
1165604005
478862515
26015923
138246838
26016438
497991354
26016444
112686789
1279311051
126547659
100118743
128591068
478822109
428216032
1143318754
506111720
492772593
411014906
848507131
479297788
1097379586
475055366
128655627
1165604110
1110698272
112588576
1110698277
497186086
428215592
1110698289
135887156
1236473152
475050307
480494924
1316963161
412272474
128677725
299599207
1108076391
112633704
478100841
417061241
414134141
444023177
500009883
1216830886
1216830889
1103952810
1216830892
497240502
411066294
1143317949
1097394633
1296360907
124388812
698593230
1238507991
478862814
475354600
26016750
497176047
281726447
501252601
aeroway=heliport
101
479416337
478902811
343646749
495570462
354917933
560975924
286969400
114310713
428215358
1234709056
848514113
429262401
497171011
96496193
474810947
479435846
1296455250
1234709077
122528343
114317404
429378654
25632368
1277620341
475343989
1329449077
128668279
480328320
501142167
480482974
474701471
473890464
111830193
111634611
335978178
26016450
1278758084
473872069
430267080
411018958
259069657
111506652
112613602
414952166
848507122
429433589
497317111
126600953
299611386
411014908
25503998
114316544
25504002
411029253
25620743
480346381
501225746
1252543252
135827735
429541656
429541657
479520026
1104140057
112588576
428215585
475360033
429381411
480476970
444011315
480476983
114315584
133269314
474549060
501225800
416063309
135825231
314553179
129555296
475116899
1108076391
1290243437
311888776
497870732
500009873
276936082
475876243
1293997458
1216466349
435240878
1103952824
501252536
474541503
138206145
1103952838
1343998920
414905295
125375440
311889362
1097394657
417058278
417058290
297880052
iata=*
101
1243857924
414142472
343634447
1243857939
404064788
343634468
1097394743
1243857977
335561787
433471549
111619645
416406598
343646799
416406607
428215379
314555989
343634528
25632361
1225943149
1238413423
343634545
1225943158
1329449081
26057853
26016895
1198805126
1105954953
299610763
26015884
412525207
503018146
560976045
126402745
126402749
26016450
1110673606
114313417
789709521
479522008
474699484
25507550
473877733
663689446
129795307
25620717
128579825
411831031
415408376
299611387
112613628
415408384
480476928
789711106
112613635
112290052
480495881
432578827
111450384
128655638
135827735
428215577
319327515
429381409
111442215
280199468
299607856
128664377
138205502
135825231
480494928
297369944
1264279391
111446371
412249446
506111848
559928695
418015099
311887237
474681734
474385798
1216789894
1236467593
431654283
335739278
497334162
1143318426
135886752
479183265
1264279461
100118450
435240898
513920967
343646666
112590296
479235548
495570405
128577517
343646706
112688627
257735158
495570422
landuse=military
101
311624208
452682256
493669404
1216466464
431647269
343634474
495570475
26057772
114310703
114320434
286969395
114310710
299608631
299583544
534476350
474810943
534476354
314536517
479522374
418094154
114320463
416406609
286969939
497311321
343646810
314047583
493769327
474800753
1225943154
1209593469
428214911
429544576
417060482
297369732
112652932
1296455305
474701473
1224763568
480486064
26015922
414913213
128594109
114313416
1198805193
477729994
513921229
26016463
497317077
1092942053
506111732
411831031
299611383
429433594
1252543227
506111747
452581637
114313999
1104140055
475394841
773982498
415406370
412508451
128560423
281726256
1097379637
114310459
1334148412
314073918
480476991
135887167
297369946
480323932
500009824
475052386
747467619
428215657
96497003
417061236
413301118
417061252
314073996
285910929
428215700
442328983
129676697
430006681
480309162
435240876
432597951
513925578
428215755
475572177
1209790930
1103952854
428216281
297880026
343646687
428670448
424016887
698819582
479225855