120
Henriette 553494578 479236087 17 34 13 4
Virgie 530388015 126547497 06 06 57 7
Molly 352650667 299612344 04 35 32 10
Rogelio 626332861 478902895 20 14 21 6
Matilda 392478501 1198805128 10 29 50 5
Bradley 393726169 114322161 12 45 50 8
Klara 461117898 416007715 18 25 56 1
Rhiannon 836768973 135830508 05 39 46 8
Yuki 117911749 513925553 08 13 10 7
Delmar 199180731 411504966 00 12 49 3
Rudy 932425643 432578852 02 04 11 3
Hal 554286665 133267079 18 17 07 3
Collin 408052059 789711109 19 47 37 6
Kenda 860436173 480500604 00 18 49 8
Margene 727049334 479183169 13 45 08 8
Molly 156135870 474681715 21 22 12 3
Anton 491812928 410370668 01 08 57 5
Klara 414209447 445041915 15 00 56 4
Franklyn 409504386 428216309 13 40 47 5
Arlean 465690463 534476377 10 35 57 3
Arlean 788496585 280200409 16 41 17 9
Alexandria 258453452 497922598 13 28 24 1
Linette 532312626 96496193 01 14 31 3
Talitha 362406078 493769295 08 23 23 8
Dannie 705909663 428216346 10 18 11 10
Dannie 153295657 111479500 07 33 29 9
Moira 346995656 414952223 19 05 21 7
Kyung 326561874 497301854 13 05 45 8
Sean 265771227 128583736 04 19 35 8
Deborah 607784266 135816233 07 19 39 3
Valencia 755082310 428217632 00 27 23 7
Lewis 669776402 311889487 03 52 48 2
Rima 722774264 1198805098 17 52 54 6
Manuel 391731592 1207543151 17 55 45 9
Doug 500897077 122528343 23 05 57 6
Klara 952182264 1165603968 00 18 57 10
Chadwick 902184331 435469018 16 33 53 9
Virgie 994566417 497871010 04 03 08 2
Justine 818847986 560975917 05 22 31 3
Ila 610209605 474544829 21 34 47 5
Anton 188117996 128564068 18 57 35 7
Ida 660905959 111460003 17 07 27 1
Edgardo 755240940 1236473138 21 26 08 6
Freeman 240393717 513921193 21 43 36 7
Brooks 463513609 478115242 06 53 13 6
Ida 328656252 473872071 20 16 21 8
Carli 556940098 1296455250 14 59 44 8
Gilberte 401263731 343646709 13 04 38 1
Jeffery 736521584 314074599 08 22 59 10
Deangelo 254476207 112651997 00 44 13 2
Antone 997858129 26015897 23 33 23 2
Hoa 356472612 111481849 20 04 02 7
Liane 220818312 497871786 07 04 03 9
Shirlene 747608852 124388816 02 57 29 2
William 172608920 478631902 05 51 46 7
Gilberte 249581609 1216830870 23 06 19 1
Jaclyn 353795204 506111755 15 22 37 5
Julee 596437389 1165603958 21 49 57 5
Berry 318394988 25507578 16 09 07 1
Kenda 563396152 492772593 13 49 04 1
Karine 747274651 428214948 20 49 06 8
Shawana 862773585 481392116 05 54 49 1
Molly 676186369 1223806739 02 10 20 1
Carli 445470794 135824245 10 03 48 5
Madge 357971312 428215377 05 58 36 2
Jamila 973987370 497922646 07 24 46 9
Danita 996933254 479435788 10 25 03 8
Na 301706657 297880007 22 54 29 2
Elisabeth 210025257 25504170 12 06 57 6
Rigoberto 683688724 343646731 20 03 38 9
Awilda 414900931 25504171 06 53 46 1
Brooks 931290579 444026527 21 45 59 10
Curt 558548955 126581613 20 53 04 9
Denis 228008715 480346511 17 25 36 4
Isadora 757609306 738940435 02 39 39 4
Thalia 857596124 501173523 14 47 04 5
Petronila 643905434 495570465 12 01 18 1
Doug 116172032 135822991 14 33 08 8
Jesica 183986955 479297762 16 49 08 10
Linette 646280967 111442620 18 29 04 7
Yuk 884482418 1165604095 00 17 50 1
Sterling 342631221 1103952907 06 39 41 2
Molly 211526724 1279341533 00 52 24 7
Greg 290468398 428216308 01 45 48 3
Elisabeth 562618657 297369742 18 12 59 9
Liane 566277783 257735102 15 50 56 5
Henriette 255652835 343634629 22 32 47 1
Buffy 457565407 129550744 08 50 48 7
Raeann 659902865 129552512 13 59 05 6
Cleora 851444639 128677718 11 28 38 4
Simone 375544896 475877057 14 02 39 10
William 742580976 503018152 22 14 38 4
Evette 541997318 114311906 05 16 56 2
Emilio 315609746 111636730 17 44 54 3
Lewis 221788614 129555503 03 46 48 7
Madge 794052417 1143317468 13 45 57 3
Lita 898205527 428214916 22 29 18 4
Petronila 533533755 428215793 22 45 35 4
Linette 862778516 128560446 16 47 39 5
Saran 446293492 297880033 15 45 48 4
Lita 535101847 137831873 05 21 20 6
Shirlene 761560070 497317088 19 33 46 8
Harriette 922567651 1294005333 16 53 12 4
Morton 926390012 414249889 01 03 22 4
William 273640242 428215645 11 54 01 10
Matilda 223006209 311624256 06 20 19 5
Sonya 638421659 128571478 14 13 46 2
Osvaldo 742412290 414905299 11 48 13 5
Freeman 336127989 497922568 05 12 29 5
Justine 390903014 299608120 00 23 44 3
Shirlene 396640729 414952197 11 07 52 3
Valarie 239419280 25507556 08 00 32 10
Ashton 855326209 480493295 05 55 52 10
Louann 535012298 1103952818 08 10 19 7
Thalia 967814476 138220134 21 01 12 1
Vicenta 476667398 789711116 11 31 45 5
Raeann 248172810 112651997 15 19 31 7
Simone 851342618 430006692 17 41 17 4
Jc 647917766 1243857850 17 46 31 1
Janell 908583069 126617352 02 37 09 1
