50
Veta 604607016 25532204 20 10 42 8
Talitha 823928640 474699483 23 05 46 6
Belva 329953310 319327524 02 19 00 6
Elias 559329499 26016453 15 53 45 5
Renea 731179963 111636736 12 23 01 4
Denisse 912662613 1097394721 04 37 12 1
Virgie 201233463 1043000760 22 03 48 7
Easter 961893984 111503633 02 03 18 5
Cecelia 969656763 497922327 10 17 32 4
Magnolia 912757588 314549165 22 11 26 6
Raeann 284622821 111647989 22 50 10 2
Jc 917597843 1165604027 15 42 49 8
Simone 456003019 480499787 15 04 06 3
Venice 762296601 1236467506 19 12 30 10
Arlean 886371453 428215639 01 19 13 1
Patria 616185834 285948522 14 22 07 8
Alejandro 886885690 26015916 19 29 01 6
Bradley 430054522 135814934 17 55 55 6
Jazmine 446225695 417058283 20 01 56 6
Ida 945360098 697477035 09 11 15 10
Liane 201168264 1207544291 00 50 34 3
Fidel 925803082 25632400 19 36 26 8
Aisha 887236156 686528998 06 38 25 5
Madge 719591031 124388796 11 30 24 8
Fidel 342805496 412513630 16 09 48 2
Shery 900667060 414952172 14 06 08 1
Sara 812746439 1223751677 06 44 31 6
Rima 905935305 299610932 13 41 47 9
Christinia 694228058 444004656 23 16 24 9
Georgette 574060736 560977452 06 43 38 9
Julee 803675031 130075706 18 13 52 1
Ashton 998814126 1097394512 08 32 47 8
Evette 603772078 670393821 21 00 11 4
Ralph 895573115 114312388 20 17 43 3
Chrystal 551650684 354912518 02 53 12 8
Rogelio 730945618 474544818 19 20 52 2
Ebonie 383477514 479191578 04 17 16 3
Petronila 973393765 311886935 01 48 15 3
Eda 875836512 428214948 01 36 11 1
Theodora 545816673 1236473144 03 44 01 1
Lita 772553991 497870374 08 50 21 9
Saran 966396461 112617137 03 10 25 9
Harriette 170475714 311624258 19 48 38 3
Shawana 196030364 495570524 20 26 49 3
Clarence 214036802 335739277 21 32 33 10
Rudy 111665045 513920996 15 32 41 9
Georgette 615874410 428217652 20 54 15 7
Rigoberto 148791274 25632278 20 43 45 7
Carolann 114346641 1097394548 17 18 13 9
Gerardo 534788673 137994583 13 22 54 1
