1000
Agnus 545807118 765343669 07 52 43 5
Emilio 987051345 139926789 03 26 57 3
Collin 392478831 1264167782 13 38 58 5
Shirlene 119987608 1117518914 08 28 11 6
Shirlene 337205660 729397812 23 12 24 3
Berry 111182775 250735522 00 43 17 10
Molly 883028010 1279946942 10 30 12 7
Bradley 849288301 250377734 02 24 33 1
Deborah 883160969 712162491 13 02 41 6
Sherley 546310287 738187062 21 10 04 3
Genny 978529311 743390343 01 47 49 8
Tod 187842692 1267897397 15 50 07 2
Isadora 800014429 812701736 13 47 38 8
Tula 973764362 1117519038 06 35 55 10
Shauna 500674122 148227348 16 26 34 6
Sean 928159802 259443124 07 23 50 9
Josue 833565790 150714612 12 25 09 8
Era 941602162 1300773496 09 41 51 4
Nathalie 691008674 228828120 01 48 30 4
Carrie 365452226 132860121 09 51 38 5
Freeman 479899764 615989898 06 07 01 6
Jazmine 713722681 566497370 08 54 07 2
Deangelo 947555035 361414337 01 43 07 10
Na 875558537 729397768 04 48 58 10
Marg 258502938 1280765479 03 44 21 8
Rudy 182921040 250642670 07 51 00 8
Carli 650779556 250648656 18 26 12 5
Veta 432001601 148227761 13 33 47 3
Josue 654079502 1264458125 23 13 24 5
Ethan 308123858 723742642 14 30 50 9
Ebonie 446179213 246782672 11 20 35 4
Solange 967412342 760848515 09 30 54 8
Simone 395564709 1280919263 18 32 59 7
Antony 492128263 1276546630 22 06 38 4
Shawana 272236195 251606969 18 25 29 10
Virgie 385916154 812369760 22 28 10 1
Louann 443232950 251783212 12 46 12 6
Petronila 931963698 1117518679 18 06 30 1
Franklyn 256831800 764948142 11 07 30 8
Nada 401539805 723742623 01 36 27 6
Jamila 598912662 729921271 05 28 38 8
Rayford 312130839 1269976617 17 23 15 9
Chrystal 361519980 729357141 08 51 43 5
Nathalie 923768894 1278832920 18 54 28 1
Felton 850258218 150564525 13 38 02 3
Marian 565069269 729328360 20 20 00 2
Curt 367807128 723359926 11 44 01 5
Valencia 322429510 799908925 04 06 51 6
Cecelia 317112228 724842543 02 56 23 8
Genie 206904451 224922549 04 57 19 5
An 852525104 1117518699 18 45 36 7
Darci 571144133 1267897710 19 27 04 5
Yuki 680691519 248535111 19 36 35 4
Alexandria 569369495 150565645 15 10 53 7
Anton 291084534 743390441 00 43 36 10
Elias 431112426 1335406519 17 43 08 1
Rigoberto 123706202 248535104 06 46 54 9
Brandon 263530569 1267897496 14 06 21 4
Earnestine 468694715 711049551 13 34 46 8
Earnestine 872954862 248758961 05 02 44 9
Cleora 239928746 251843966 11 53 06 2
Hal 462719423 148216743 16 02 38 6
Genie 424920385 725277278 22 38 22 10
Thalia 967189122 208750318 19 37 32 4
Agnus 963329074 248433278 12 35 39 6
Son 182240350 723395276 10 56 35 5
Ethan 453578215 150717424 16 23 14 1
Rogelio 583859748 723742487 05 56 10 3
Rigoberto 383549367 432686960 08 25 44 1
Elisabeth 151155171 248397790 15 16 53 10
Isadora 245940000 185488150 13 58 32 9
Rigoberto 122489942 252026636 06 36 26 1
Maryam 725533902 148166448 00 57 06 10
Sonya 622405318 195735855 19 03 45 9
Eda 142192025 259444211 10 34 18 7
Hal 192284472 250643019 15 15 47 1
Shauna 875806621 723360048 12 23 08 3
Ashton 403704753 100247890 21 40 06 2
Venice 277343166 116038158 15 38 46 3
Molly 260336089 711049458 23 37 45 7
Ebonie 550569189 248576512 06 45 29 5
Ida 127895056 210677351 13 04 42 10
Dannie 102876665 150564528 01 25 51 5
Harriette 288720085 1268333317 02 05 32 3
Lewis 970257354 248441966 08 10 13 2
Mickey 546221226 250645834 00 24 12 10
Shirlene 460670411 250734358 08 28 03 1
Rudy 492046195 1280919267 16 32 48 7
Rigoberto 350973046 248397605 15 21 53 2
Scottie 473885083 190647446 04 43 12 1
Patria 205115823 799908888 03 09 52 10
Moira 243350754 248432582 04 35 19 10
Kyung 366996018 954702751 13 36 53 2
Denisse 186827569 116024510 02 25 40 5
Molly 142318069 1300785720 16 16 13 5
Molly 355237379 206113005 13 26 45 1
Delmar 113620684 148977254 13 10 00 5
Shirlene 599274478 724402576 02 12 42 9
Scott 465091915 249314819 13 29 04 10
Arlean 404537378 729920970 19 47 52 5
Cleora 764776965 723359331 16 23 26 3
Laraine 514256945 712162346 06 29 53 8
Clora 927388249 250371353 02 45 17 2
Antonia 246338059 729397994 12 47 02 10
Delmar 797297554 723359532 22 18 59 3
Bradley 549636953 132872572 00 20 24 5
Neal 272224060 235429796 18 49 22 1
Cleora 149888787 721528396 08 48 35 6
Arcelia 961247891 1117518803 14 18 41 2
Chadwick 167252706 250929922 11 30 08 5
Luis 318911333 654288612 10 33 26 10
Chadwick 112912217 99300522 04 31 43 10
Brooks 350433694 223907743 08 40 53 5
Easter 327118039 1300759626 09 44 41 1
Georgette 168997836 249196863 19 47 09 5
Christinia 299426843 654288613 21 39 22 2
Dannie 908322227 259443347 02 16 41 5
Raeann 909696541 99300531 21 14 00 8
Luis 540452917 148638703 14 39 40 5
Awilda 497440200 729986278 22 32 16 9
Maryam 211143617 742003335 09 32 20 8
Fidel 402156708 148165519 18 06 58 4
Nada 697469093 195735742 16 47 39 4
Maryam 601388051 724402602 16 42 33 1
Liane 400062533 116088566 03 36 48 8
Everette 773625268 1262693933 12 42 22 7
Eleonor 677645274 248576505 04 38 06 4
Debi 413401260 615989909 22 42 56 5
Ida 762606843 250642080 16 50 10 4
Magnolia 837123537 1280919294 09 15 12 10
Jaclyn 191841516 252200943 10 41 41 6
Dorian 103274016 116016463 06 19 15 5
Elias 635800841 223894606 06 46 59 8
Sterling 892744484 1280456537 20 26 55 6
Lewis 284811761 867504463 13 53 14 6
Deangelo 820126314 150537587 04 50 05 6
Elias 459729898 1117518422 00 36 22 1
Nada 950796539 1269976635 14 01 10 3
Georgette 807523696 723742696 23 52 32 2
Fabian 525742386 721528669 19 41 32 1
Renea 231062281 711049595 12 17 34 5
Eleonor 785954307 1117518679 18 07 25 4
Venice 409549917 1265372230 08 05 11 4
Maryam 690968593 729919576 08 44 57 9
Flavia 968912024 711050098 16 29 31 2
Marline 439787385 432697961 22 00 31 10
Agnus 343324057 799908903 13 43 53 1
Evette 293385002 150538890 01 58 07 2
Alane 557102126 723394959 02 34 42 4
Franklyn 283682087 566473805 16 52 16 9
Geraldine 515609260 250734724 11 46 58 1
Johnnie 368106134 1267980620 04 09 44 2
Latisha 815254187 712162491 19 24 16 2
Georgette 325557976 223960643 00 11 39 7
Georgette 655520268 1300738464 17 14 13 8
Georgette 514340634 765343669 02 45 04 8
Brooks 174484726 252401952 21 12 05 3
Veta 537654034 729986278 21 13 40 7
Yuk 756113739 249590435 01 34 19 10
Justine 330188040 482756180 06 22 18 8
Denisse 355295215 1267897136 02 40 40 2
Aisha 225560840 738187067 12 15 20 2
Saran 911519620 251877810 14 19 29 6
Johnie 347491278 654425856 21 38 23 9
Margene 462084723 760853901 12 00 55 7
Tula 475098918 1117519187 21 12 54 5
Adelia 120833691 259446670 03 15 56 6
Debi 703271825 729397639 23 15 43 9
Rigoberto 451614449 132869568 06 38 56 9
Anton 632985553 1263995424 12 53 29 9
Cecelia 155500645 482756180 08 57 55 3
Linette 865902762 253108080 04 43 25 4
Janell 465558349 743390453 11 10 42 8
Awilda 256885950 229548097 21 12 01 7
Linette 912587572 729397806 19 16 24 10
Isaac 802289699 248393270 08 51 57 6
Felton 702015000 148166442 09 42 42 8
Son 521492862 760853905 13 19 35 9
Josue 434534093 116020343 17 24 12 2
Fabian 393136896 711247427 09 42 35 9
Scottie 618016744 1264458097 08 10 20 9
Deborah 897548813 730184703 04 17 23 10
Clifford 251673288 253107642 02 13 31 3
Elisabeth 333425820 250734359 05 21 56 2
Veta 315542708 1300785751 18 25 29 7
Delois 490419919 729919780 03 14 53 8
Jamila 279805420 248397592 02 29 04 9
Dorian 845767273 250371249 14 31 39 3
Howard 514096374 714434335 03 21 03 5
Mickey 352310216 1280456425 00 34 14 1
Veta 997147432 1310940678 19 43 15 9
Moises 858586657 723742712 13 26 42 1
Marcene 443516736 1300742788 08 59 45 1
Geraldine 251909365 1117518832 21 58 55 8
Carolann 986819716 181484983 10 08 12 4
Bradley 859610105 1300785749 22 07 42 7
Rogelio 325017670 1264458109 01 26 09 6
Gerardo 329360354 126137596 14 46 08 4
Lita 651910409 848010457 19 53 40 1
Karri 859875661 1280919270 11 54 34 6
Lewis 853347723 1305390598 10 54 26 5
Geraldine 497176230 711248207 17 27 20 7
Ralph 716656871 250734273 23 05 38 5
Delmar 347855932 763914662 03 22 17 10
Sara 630594139 1263995454 23 34 47 7
Yuki 641035595 1267897642 08 51 12 3
Na 481169907 1126117788 20 32 14 9
Buffy 570921605 252030408 12 09 22 9
Delmar 102699867 1280765409 11 18 27 8
Dorian 485106893 1280765585 13 48 56 7
Nada 976826446 250648148 04 30 13 5
Son 447557157 763914643 20 32 08 8
Antony 915547214 223894542 17 21 46 10
Antony 924115537 115530005 00 39 26 6
Neal 841886643 252201134 19 02 32 6
Vicenta 497535931 116009591 07 28 03 3
Flavia 710860416 711049574 01 34 21 8
Harriette 528060740 250640936 06 19 00 1
Manuel 913429259 1269976617 20 26 43 8
Doug 441692896 248395535 03 30 42 8
Ila 623387791 250643619 09 08 18 1
Belva 373545802 763919562 19 52 10 5
Latisha 181703286 251838066 17 37 00 6
Carolann 868049947 252193750 04 23 06 2
Linette 993308102 251837046 14 28 47 9
Ebonie 478032440 432686974 01 56 14 6
Olinda 950180535 252022187 06 20 07 6
Brandon 236521177 132839095 05 06 07 10
Leana 919259005 711049627 03 20 32 4
Genie 403997895 132860180 18 19 11 7
Maryam 481335432 181491557 08 10 46 10
Shirlene 638553631 223912100 17 53 54 3
Rigoberto 544871824 116036790 17 21 59 3
Elisabeth 710599436 249197869 13 28 00 8
Antone 442191946 259450128 10 37 09 1
Loriann 155616206 729921329 09 01 37 5
Rigoberto 445837954 1300785724 09 07 08 2
Greg 544382728 186059613 14 17 55 6
Rayford 405686564 729397645 01 50 46 4
Shery 530561339 250574903 03 07 42 7
Rhiannon 532530704 250640586 10 38 40 7
Isadora 796821938 520740273 21 52 57 4
Tod 603937976 729397991 12 09 49 3
Collin 523999790 1268333147 14 05 10 4
Hulda 371348170 760854015 15 08 44 9
Liane 888175513 250371356 04 00 40 5
Jamila 531648979 812369872 18 41 19 7
Theodora 310791817 724842437 11 18 25 10
Klara 846264243 723359831 21 28 18 9
Howard 243481687 799908927 19 06 41 4
Gaynelle 940972703 812369830 07 01 40 9
Felton 445015153 228832014 07 14 55 2
Ethan 345074772 1300835132 22 48 57 9
Rupert 985461001 252030411 09 37 26 3
Rayford 501788126 208750321 11 59 18 4
Ashton 460116802 1117518403 21 04 57 6
Venice 981399419 248532491 07 05 31 9
Hoa 710181422 1280765431 06 00 09 5
Deangelo 414463979 723359665 17 43 26 2
Isadora 549517806 566497377 04 46 23 8
Collin 137145398 1268333134 14 25 39 1
Ebonie 997750776 432683052 21 34 06 5
Flavia 441025193 729397787 15 45 48 1
Freeman 702038801 250641390 17 36 11 10
Tula 557572007 212837569 15 12 16 9
Awilda 678821365 709749270 22 57 22 10
Inell 697867418 729357211 15 32 42 9
Darci 545925565 206196263 17 41 27 3
Arcelia 917772903 799908923 01 15 07 10
Antonia 422387242 654288596 09 54 35 5
Hulda 103746625 228828120 03 09 45 9
Antony 295272832 150546605 00 03 05 9
Buffy 562212145 181489791 19 32 10 8
Scottie 242220461 729397718 16 07 21 1
Edna 503272958 151016972 02 21 50 2
Osvaldo 752008892 1117518669 08 33 11 5
Jesica 695885642 140277985 21 10 23 1
Liane 535258765 253108067 18 47 27 1
Fidel 446998172 954702703 13 00 22 10
Antonia 976528000 215961307 20 46 02 2
Sharri 783878291 729397904 03 03 49 7
Manuel 778402107 251835447 07 11 31 3
Rima 259959615 729397912 14 47 41 4
Margene 365441034 729313449 16 53 05 9
Jerald 700731836 252022255 03 25 40 8
Aisha 893800524 1305390636 13 43 09 8
Cecelia 169875332 116191819 03 00 24 4
Harriette 592599943 730184774 01 09 49 4
Gilberte 344812902 729397997 04 48 52 2
Lita 810721820 253108025 06 03 15 9
Isadora 423486842 738187075 01 14 33 2
Arlean 860737336 743390466 21 00 47 4
Belva 630058633 812701798 05 00 04 6
Sonya 411903115 249590653 19 02 16 4
Sara 603911656 1268333032 19 06 24 1
Rudy 631510192 711247869 17 41 43 6
Raeann 871560338 252022184 08 30 42 9
Bradley 271690626 954702602 09 38 56 8
Cleora 945886557 566487736 01 13 22 8
Danita 816152532 251775769 09 04 44 3
Cleora 278616083 711049378 02 58 26 6
Eda 916891187 148216744 22 53 25 9
Arlean 486524539 260027572 03 05 59 2
Liane 983260409 738187115 09 41 50 3
Franklyn 873064372 1287184370 07 46 52 10
Scott 569756198 250090197 02 56 54 5
Delmar 307701594 151231775 22 29 06 2
Eleonor 515097359 1280456557 15 24 12 2
Clarence 317034248 186056023 19 03 43 6
Latisha 151517083 922312785 06 23 35 4
Laraine 565763892 150537518 07 43 32 6
Sharri 991772140 224900949 13 39 28 4
Hulda 194684884 240147828 05 20 25 9
Freeman 320832274 250646738 18 09 55 10
Brooks 785283914 1126015372 08 07 09 2
Louann 491241361 1270688753 20 31 31 4
Logan 653482809 100254856 21 08 30 1
Venice 325704230 503697294 17 25 21 3
Georgette 178159297 1270688747 06 35 55 6
Magnolia 645328899 223894602 07 09 00 1
Jay 532229778 251837058 17 23 11 4
Elisabeth 968854949 654288610 04 53 30 5
Neal 810068937 760848510 18 10 17 7
Cecelia 953296308 1267980642 23 22 22 10
Ila 467587229 259427944 00 49 20 2
Alissa 675793403 729313475 22 15 58 8
Berry 929516901 1117519214 02 36 48 8
Hubert 705530840 723359625 03 40 47 7
Mickey 548903045 249197926 05 13 20 5
Brandon 995827739 249590648 13 29 50 5
Sean 480249771 760848403 02 05 43 5
Lewis 254793704 1108098021 00 19 48 8
Shery 808861023 1107523753 02 49 54 7
Edgardo 256610196 760848510 13 34 26 3
Denis 988995202 729328833 16 58 04 8
Gaynelle 931783130 1280919296 07 20 09 7
Sherley 946454224 251876056 07 17 28 2
Everette 732182719 799908834 08 55 45 5
Genie 484351311 248397608 01 48 46 1
Nathanael 683305668 259427452 09 41 02 7
Sterling 987258891 1300949899 00 29 27 5
Edgardo 334346888 249194548 08 01 05 3
Genaro 318102445 1300732498 09 35 04 10
Antony 874417490 249590434 01 57 01 2
Gia 197968030 229524520 16 53 56 8
Scott 702138736 1270688784 05 32 02 10
Ila 730965730 760853878 20 13 31 9
Delois 422135575 248535111 02 03 48 1
Osvaldo 341891819 1300717466 19 47 11 3
Manuel 436700449 1343593801 14 34 59 6
Floria 972310702 1324508255 19 13 50 2
Manuel 348415096 712113199 00 50 04 10
Karine 273499295 743390578 20 55 15 9
Karri 254528161 654288640 15 14 24 4
Nathalie 816238691 1280765536 02 31 49 3
Scott 750067259 738187114 07 06 39 6
Rigoberto 711626978 186069283 17 46 22 5
Carolann 864691005 1117519115 16 59 17 7
Everette 532760381 1262175352 04 49 59 9
Sharri 380221217 1107523936 20 37 36 5
Maynard 816549578 1126015338 14 29 52 5
Danita 220526247 799908875 19 19 07 6
Gia 351076056 1300697648 20 11 59 3
Chadwick 168702670 190647455 06 34 00 5
Howard 308983382 1305397472 05 58 18 7
Tod 771089506 743390602 00 30 22 10
Emilio 811232690 1126015070 02 48 47 2
Rupert 475325635 723359625 04 39 49 9
Freeman 641640012 742003311 21 36 31 5
Hulda 642269330 812703534 14 56 29 2
Danita 571544217 729397906 14 55 15 7
An 731183196 1106760510 01 46 04 2
Gerardo 118175745 724748315 03 27 25 10
Yuk 607383580 1262175348 03 08 32 4
Geraldine 150502931 722372083 04 23 04 6
Christinia 567896472 711247953 16 26 41 4
Patria 607582552 760848421 01 49 04 10
Isadora 973228870 765343667 00 35 16 2
Shauna 784071638 116023819 14 01 27 5
William 794408099 251837054 04 06 22 2
Anna 154454050 229548096 18 22 23 5
Alejandro 865469100 251875984 21 14 39 10
Carolann 159609113 1265372383 11 21 46 4
Jeffery 125625833 1269976642 10 51 23 3
Evette 711363201 747846257 12 28 31 7
Hulda 575531307 1264458135 13 24 36 9
Deborah 265457030 248576472 19 37 10 1
Nicolas 737800768 712286876 18 14 13 2
Marian 153339323 738183778 15 08 37 6
Eda 610674782 723149367 00 00 18 4
Carli 424248581 142205844 13 12 01 2
Jazmine 179957650 117377952 10 37 43 10
Debi 354093698 738187103 00 58 08 3
Hulda 325086834 259427944 10 48 26 6
Son 561852043 148166441 12 35 48 2
Edna 461614603 248440586 15 10 47 8
Buffy 809133429 148651270 05 22 27 7
Alejandro 105372086 116086273 16 41 15 10
Klara 203232037 760854247 19 55 52 2
Moira 205457294 654288544 02 11 01 6
Marline 440587567 1117518535 11 56 25 8
Rupert 898271904 760853895 23 18 23 4
Patria 609226221 132860126 19 46 31 5
Ebonie 189827109 760853893 03 59 06 6
Fidel 863674777 738187036 00 53 00 8
Jay 484229010 432676903 04 14 23 2
Antony 932185152 185482238 05 23 10 2
Sterling 791109076 248532472 14 25 48 7
Man 412958275 1107523753 22 15 43 3
Vicenta 773980870 149368158 14 14 56 8
Jamila 239868982 1300754396 19 34 36 9
Isadora 467156594 150537796 22 25 17 9
Aisha 921597161 765343837 19 54 15 8
Hubert 546682123 1267897245 09 01 23 8
Jaclyn 752877585 132864606 10 50 25 10
Justine 308385013 1300759637 14 50 51 7
Greg 555464434 723359546 17 44 27 5
Christinia 857801340 799908863 12 29 42 3
Rayford 671361809 729397918 14 59 53 10
Ralph 223903945 765343821 00 19 18 2
Danita 831850315 1268333157 08 13 50 9
Carli 317147531 251777089 05 41 05 10
Sherley 101563782 250735409 10 51 09 6
Antonia 981309902 1310940693 21 10 35 5
Floria 798515421 1346846210 10 22 54 3
Awilda 962907469 799908897 17 37 23 5
Scott 481469592 654307201 12 39 06 5
Denis 132937903 249195450 07 55 43 2
Jerald 355714464 1264167799 15 23 08 8
Samual 437290943 654288536 00 01 05 10
Moises 791115983 738183780 12 19 38 3
Morton 241162099 253108003 01 01 51 7
Jay 474852389 150538491 19 14 34 6
Clarence 471831751 729919824 11 02 09 2
Kenda 996203632 1262693912 03 47 41 5
Ethan 771827787 503697289 18 03 20 8
Sonya 275609924 1299931528 20 14 54 8
Tula 371681280 723395056 14 37 54 4
Gerardo 458597369 1117518988 19 09 34 6
Ebonie 272022007 711049549 08 42 37 7
Felton 547117948 223954055 08 21 53 6
Vicenta 534106978 765343664 16 40 25 8
Sara 526830799 1280746387 10 02 48 10
Rima 536182175 812701742 09 23 37 3
Cecelia 622103761 250642071 13 52 09 6
Alexandria 746793918 729398000 17 55 55 6
Carlos 665669297 729328833 15 03 50 9
Emilio 497301697 142202064 04 28 38 6
Matilda 355442322 1330364940 04 23 28 4
Veta 338433667 1267897604 16 09 58 6
Alexandria 166503826 723395344 18 11 46 6
Mickey 371964979 1262175385 15 24 58 4
Sonya 896514242 223894566 22 03 31 7
Nada 530470179 251838214 13 16 14 6
Jazmine 671637088 566487736 17 20 16 2
Olinda 285551397 251843954 12 03 53 8
Valencia 378600609 729921317 02 11 40 7
Antonia 404862850 140650791 21 09 51 1
Ashton 167687125 142213094 02 33 38 1
Leana 110547843 709656857 16 28 22 6
Olinda 210129133 250735559 14 19 44 2
Petronila 247521157 1268333156 23 48 15 9
Isaac 449913100 725277278 07 02 58 2
Louann 176429378 1267897604 22 21 56 7
Jeffery 543512444 140238610 22 46 43 6
Belva 582791413 954702745 20 15 06 6
Rima 493580790 1299766812 00 28 15 8
Janae 315363867 223960648 10 54 32 9
Mickey 258924300 730184979 14 20 47 9
Sharell 957528211 1117519226 04 45 17 3
Klara 648162893 251503487 22 00 48 10
Danita 179546147 1299766789 04 38 21 2
Renea 923645278 1262693900 06 50 36 5
Tula 916955587 1280746384 17 37 44 10
Talitha 728836747 1262175354 20 28 43 8
Carrie 250688116 729313465 12 18 39 3
Marg 882319859 712111999 02 30 38 3
Cleora 677440259 743390533 20 40 24 10
Berry 465562720 132865887 00 50 37 7
Danita 441663100 251838219 19 40 36 8
Vicenta 795659120 654288539 01 39 20 1
Delois 592521028 812369844 09 43 07 7
Cecelia 394013227 248532429 18 09 10 5
Everette 535856073 259443351 04 58 46 8
Isadora 548878856 1262175388 00 04 26 2
Hubert 711997080 1300742795 17 39 00 7
Adelia 333064242 760853910 23 48 14 8
Thalia 373882249 1126015270 09 35 25 6
Harriette 672043413 729919688 04 54 13 4
Delois 268025863 117379847 12 01 31 3
Rayford 815426103 201155210 18 51 30 3
Fidel 445292876 765343891 07 49 59 2
Venice 851619759 1117518391 14 45 58 2
Eleonor 921000650 1299766775 09 56 50 9
Johnnie 880538059 252024036 11 32 54 7
Theodora 499490193 181489791 07 27 55 5
Latisha 763928772 206113597 05 16 03 2
Marcene 995609631 251784066 01 41 00 6
Delois 169570382 615989909 23 05 30 8
Tod 584535803 249314814 15 05 51 6
Berry 298023373 142708014 22 20 58 10
Brooks 975658218 723359903 12 19 12 10
Jaclyn 357882023 1107523953 04 39 28 3
Ila 616718508 1268333254 19 26 52 1
Vicenta 556680677 250642004 11 55 55 3
Angelia 585583462 250643020 01 21 48 5
Thalia 910545793 234655274 22 34 19 8
Gilberte 931664474 251775004 03 09 42 3
Nathanael 412775100 763372049 21 40 15 4
Freeman 780186532 724748290 09 00 01 4
Everette 110071236 142233396 09 56 48 4
Talitha 606220366 249436501 21 07 10 2
Brandon 350901375 228833815 17 58 46 3
Saran 394649551 1117519166 00 09 56 9
Edgardo 960496542 259427806 20 49 50 4
Matilda 524631797 1262175393 02 47 02 1
Saran 106990852 215889334 00 47 38 5
Alexandria 816150069 148981798 19 48 54 8
Isadora 948641652 210672725 09 09 36 5
Lewis 262299886 248577127 13 48 05 6
Dannie 202999465 250641390 14 50 07 3
Luis 226319450 251781013 03 30 35 9
Rupert 676695222 186069283 19 01 49 8
Gia 451380235 142708014 09 43 30 6
Kenda 720529081 150714618 18 41 17 5
Angelia 760248005 729397784 02 39 44 5
Veta 538172004 729986551 17 12 32 10
Janell 576390119 729328528 02 20 19 3
Antony 974047693 248532370 00 05 49 6
Antony 595855825 1264458133 06 24 44 1
Molly 145392069 1264458135 18 14 08 5
Antone 280504489 250929926 17 22 11 1
Rupert 666083931 738187122 18 22 28 10
Liberty 391209425 1343596958 04 48 38 10
Edna 317467738 432697963 15 31 41 8
Josue 955106056 1310940684 12 44 00 8
Talitha 847068633 720188668 17 31 45 4
Margene 483507322 150546732 13 24 32 3
Creola 781918502 246782663 06 17 12 10
Logan 488741186 116023185 14 09 03 1
Era 923598795 654288619 11 37 20 3
Denisse 386428255 654288641 17 51 09 10
Logan 944185353 1267897576 14 37 29 3
Everette 836583434 206112406 00 17 04 4
Geraldine 977137655 1264458116 13 59 06 7
Genaro 545220886 148166436 03 34 21 2
Rhiannon 870422319 116014622 12 13 48 4
Inell 857639282 144123273 18 39 37 3
Maryam 223725110 1117518388 08 29 02 4
Rhiannon 795797387 186056015 19 15 18 8
Luis 493893251 729397988 15 13 02 6
Patria 695162907 1300738470 10 47 13 4
Rima 742453509 1300732498 08 31 04 2
Karri 866666810 1263995505 09 01 45 1
Marline 813284166 1280765409 19 19 26 2
Greg 283541410 1117518502 10 32 15 6
Inell 597911131 654288605 04 48 59 1
Matilda 397222615 1126118037 14 41 26 4
Geraldine 229484239 248641882 11 22 46 3
Alpha 403535289 712112231 02 56 47 8
Sterling 908590053 101486294 05 29 21 9
Santos 872647772 654288542 11 55 08 1
Alpha 701253083 1267980632 00 22 19 4
An 904086450 1299931506 10 37 28 5
Isaac 721503354 248395536 19 19 10 9
Man 473276161 1312562664 11 06 36 1
Cecelia 754300064 195885571 05 31 32 6
Angelia 675278165 654288559 04 57 53 5
Maynard 962530370 148158633 17 08 46 8
Scottie 148328656 812701758 20 09 01 2
Simone 869443715 144123273 23 27 46 7
Sharell 938991830 722372100 22 07 26 7
Rogelio 232678305 132860116 11 49 32 7
Man 343868546 224868576 06 46 56 2
Marline 710000438 251878204 17 10 41 8
Yuki 213367516 1345206823 18 18 18 7
Genny 772910056 730184752 00 50 03 5
Petronila 895414116 148188279 23 52 50 6
Arlean 874688359 1299766730 23 10 26 2
Jaclyn 208528218 248758963 17 35 56 5
Marian 968798198 250096807 04 27 48 2
Leana 644133282 1117518822 18 36 32 8
Mickey 542308639 765343705 07 37 02 4
Saran 673269543 259427669 14 25 21 4
Tula 170198965 812701753 00 12 45 5
Delois 202388343 1265372330 10 46 59 9
Isadora 771437423 799908896 20 55 29 6
Man 131013543 250734736 03 53 37 7
Dannie 494715271 1262175355 19 03 33 2
Flavia 598734598 1117519267 08 25 39 3
Osvaldo 741019469 1280919272 23 13 59 1
Santos 666395990 723360115 11 13 35 9
Danita 922479739 723359831 12 45 17 9
Molly 943695660 730184703 02 06 41 9
Edna 818856256 729397712 15 12 36 1
Leana 421384993 1300785708 06 43 47 4
Carli 971162546 190627219 19 20 52 6
Elias 395797714 1300785724 13 12 32 1
Maynard 303882254 250372146 00 17 28 10
Isaac 470303409 1107523802 09 27 51 4
Fabian 898914434 1279946936 17 49 41 1
Ila 742691651 1276546633 15 40 40 4
Ralph 407449486 1280456527 08 35 48 3
Ida 388102961 250371071 09 53 22 4
Morton 355485895 190638201 12 53 04 4
Johnie 395933625 250735599 06 49 23 5
Sean 837182600 149400643 16 56 37 2
Era 355340747 799908872 23 14 28 6
Berry 929601172 743390714 01 50 53 1
Clarence 251399252 248397587 06 52 51 5
Johnie 121690659 615989887 12 44 53 7
Leana 731691969 250642892 06 14 19 6
Karine 613570092 251524338 14 44 29 5
Emilio 188068116 1267897518 12 34 13 3
Latisha 420786646 1126015365 03 46 49 4
Anna 143178074 760854345 02 05 41 6
Carli 346505567 654288588 16 06 12 5
Jaclyn 112735617 1309984942 14 46 14 6
Geraldine 421042887 711049360 04 40 25 5
Floria 674462140 729338416 15 25 51 2
Karri 288488225 724834183 15 07 08 8
Hoa 874321812 723149367 04 18 45 3
Danita 275257065 250647165 16 39 02 1
Harriette 937981296 251835639 01 02 58 9
Edgardo 327307160 520740191 13 29 03 4
Felton 775239096 721528501 05 00 52 10
Julee 892547021 190627237 07 15 41 9
Nicolas 481133592 1269977759 11 00 11 8
Simone 871677538 1072128838 17 18 42 7
Yuk 729960380 1117518449 19 38 49 4
Leana 752614544 259451112 15 15 58 7
Danita 355794606 730184708 20 53 11 6
Eleonor 348249426 148637570 17 09 22 2
Deborah 481227505 116038148 12 53 17 6
Jazmine 663989747 1276546623 11 15 35 5
Fidel 310284505 223952398 09 33 22 5
Marcene 302454344 724402512 03 17 09 2
Olinda 317899390 248419293 02 52 33 7
Ebonie 190171600 301122214 05 01 59 6
Delmar 776129314 654288544 11 44 13 1
Brooks 298488372 729882821 12 21 09 9
Buffy 971215376 250646447 09 52 28 8
Thalia 549947086 848009977 16 23 56 2
William 921907302 206112405 04 13 21 6
Flavia 597849483 212838200 07 12 47 8
Moises 460453630 186069297 15 08 07 10
Ethan 655865710 185488150 15 27 53 4
Shawana 873035636 729357092 23 15 53 9
Christinia 582337437 248576505 22 38 10 3
Earnestine 570991990 248772114 14 06 31 1
Morton 326788811 730184752 22 14 28 4
Elias 475822149 1310940702 04 47 05 5
Simone 878021258 1338388327 18 47 06 6
Doug 238447060 1310940696 14 45 16 10
Debi 432320839 251877482 01 10 41 9
Antony 272903252 195885575 15 10 06 3
Shawana 555476790 1300829707 19 47 57 1
Kyung 854074460 1335406522 15 06 22 1
Sherley 276060372 760848518 19 46 36 6
Jay 672738194 738187071 13 44 26 10
Edna 921421868 100250835 23 04 38 5
Creola 147647023 251783789 01 21 51 7
Adelia 894482552 1267980654 04 38 15 9
Jeffery 473256358 711247747 11 58 37 2
Manuel 889205271 248394444 07 13 22 6
Nada 977202617 1267897190 13 04 50 8
Gilberte 364296252 140664132 21 21 43 6
Man 758516629 150714622 11 12 39 8
Dannie 803222142 1305390595 05 33 06 1
Rayford 192198004 116019567 05 20 27 10
Shauna 302922264 253107347 20 49 34 7
Alpha 656153930 1108098048 05 37 38 9
Tula 310414235 1305390604 15 58 36 8
Sara 147412585 250642670 16 51 17 4
William 276465329 729397884 21 30 25 9
Scottie 168731999 1279946971 23 12 43 5
Delmar 376754357 251775899 21 54 38 8
Magnolia 907796787 250644475 09 05 21 3
Johnie 354502925 1300785737 07 09 17 10
Georgette 343012543 249227630 08 47 02 7
Veta 866898789 711049930 15 23 16 1
Marian 495987206 1270688777 09 59 55 7
Danita 750639594 760856463 19 10 31 4
Neal 669130170 101486843 08 08 12 3
Lewis 131026640 100250835 20 15 49 7
Loriann 731696154 116020336 15 17 33 9
Patria 176667871 724402488 12 23 03 8
Fabian 897605436 252024664 22 16 29 9
Sherley 163547883 116082230 15 23 27 2
Denisse 907114354 520740282 15 54 29 4
Denisse 534466141 729397846 21 04 42 2
Inell 648530545 799908887 03 14 42 6
William 248212114 760854034 10 52 15 6
Maryam 225597399 115972904 09 02 04 3
Veta 311797337 248433278 22 20 39 1
Anton 913338372 250574880 04 40 52 4
Thalia 832379040 729919470 18 45 47 1
Man 611561762 181484969 14 33 08 8
Carolann 723744090 1279946972 14 59 19 5
Brandon 631734284 259427945 07 54 59 8
Alejandro 905995552 1267897203 08 02 40 8
Deborah 764120163 848010601 19 07 34 10
Kyung 289480195 1310940699 20 04 40 8
Edgardo 344605593 1270688782 06 47 36 5
Kenda 540388769 249590434 11 00 24 6
Lewis 945446403 208765077 20 13 40 10
Rudy 537985340 723395276 16 09 42 9
William 354873186 148639909 20 34 39 8
Chrystal 207465416 1305375729 23 15 43 5
Tula 158579964 116036797 19 21 58 6
Denisse 458257786 251775775 13 58 23 4
Floria 679681697 729397825 18 00 14 1
Venice 925572792 1117518461 14 34 51 7
Marg 453669534 1330364941 09 06 59 9
Rigoberto 545498689 729919831 22 01 29 9
Theodora 169858374 250371078 15 30 42 10
Moira 374999528 248758962 10 14 33 10
Fabian 936258069 259446118 04 49 52 3
Arlean 256964428 654425856 04 26 51 1
Shawana 997353989 742003261 02 59 00 8
Sean 832825657 201145285 03 08 04 8
Dannie 427622223 760848379 16 08 21 6
Hal 103578060 251838061 15 29 53 2
Elias 529216108 867504593 12 37 20 2
Eda 324495567 1280746412 23 57 30 4
Johnnie 570478571 743390504 10 25 05 4
Carli 486929653 654448212 12 01 11 2
Gerardo 204388893 723149317 22 28 54 8
Rigoberto 148313857 206243407 04 18 28 6
Rhiannon 608746928 1278832939 12 31 37 3
Doug 168540740 249590357 11 17 41 5
Genie 554200922 1117518488 00 47 25 10
Moira 540528649 100245968 14 03 41 2
Hal 745190767 711049897 10 11 24 3
Rigoberto 828565372 250735056 11 00 24 10
Flavia 660916856 246782663 07 41 29 3
Cleora 523320002 185887666 11 06 35 1
Scottie 578439196 654273280 15 33 28 3
Virgie 440898766 132870735 17 51 28 10
Molly 867511886 432681924 11 06 23 3
Lita 352390598 799908820 19 41 36 7
Anton 901263480 248395579 08 11 05 3
Mickey 940273622 150538300 05 05 14 3
Nathalie 268493997 1299766754 11 14 02 2
Anna 231528953 730184797 01 42 45 2
Louann 751866237 249197935 13 09 28 5
Sharell 182101417 252024197 06 35 09 6
Jay 419443303 248577183 23 28 02 8
Alane 582667125 1300727075 05 45 40 7
Tod 220144962 1117519288 10 03 46 6
Liane 796650798 186056022 17 50 59 2
Denisse 391942079 250642004 13 42 08 1
Carrie 174077830 212838198 11 31 45 10
Margene 678875663 252343597 10 21 42 4
Franklyn 424186955 714434335 01 34 09 4
Sonya 481436399 729919852 11 14 42 10
Isaac 516802496 248419293 20 44 55 1
Virgie 326687982 723358924 13 00 26 10
Karine 888337168 1262175384 08 26 24 1
Harriette 241458706 654288639 09 27 36 8
Tod 730107081 812703531 11 51 32 2
Howard 980864427 1107523837 08 26 33 3
Sharell 559854581 223894582 18 44 15 5
Berry 363109327 723359031 16 24 32 7
Valarie 725004091 259443046 13 16 31 4
Sean 263337068 148166441 06 42 06 7
Elisabeth 966149306 1346949322 23 10 17 9
Johnnie 931234895 1268333254 17 55 51 4
Fabian 139306525 724372032 01 31 09 2
Henriette 380048490 1126118083 15 39 51 2
Marcene 200155877 1299766757 16 56 36 8
Arlean 138755283 249590436 03 27 13 7
Edna 471429977 251838265 16 01 04 8
Jeffery 925346869 765343666 14 58 04 9
Floria 658195804 723359096 19 31 50 5
Rima 270223683 723359352 13 39 33 9
Gaynelle 843692098 116017910 14 35 36 3
Leana 149903780 1263995411 13 39 38 5
Buffy 462407869 760848508 21 35 48 10
Ashton 324308526 223902321 22 56 20 2
Talitha 462410541 1280919274 00 49 41 10
Howard 241846632 1117518494 05 18 57 10
Antone 714195482 1107499693 22 17 05 10
Sharell 543201787 252024364 01 48 32 2
Moises 288587679 848010395 09 39 17 2
Valarie 878991921 712112659 10 10 21 1
Julee 893574569 248433279 18 18 01 4
Debi 401963098 730147843 07 06 19 5
Danita 371952413 251840887 01 01 37 10
Janell 149321206 223952407 05 12 30 7
Clifford 166667200 141779327 14 42 18 7
Marline 187402869 250377438 02 27 22 8
Sterling 119336741 539248270 07 23 56 9
Jesica 734412445 1267980646 19 15 24 8
Debi 746641964 760848510 01 36 59 4
Dorian 129150758 249197914 03 58 20 5
Theodora 389597666 432683039 03 47 59 7
Mickey 406242900 1267897110 08 56 19 4
Son 851359118 765343837 07 29 34 1
Era 565720510 259445087 15 48 53 4
Margene 440207000 1267897250 20 57 50 3
Arlean 555131321 132864603 12 25 50 10
Fabian 516757212 148167451 19 25 28 10
Carlos 233178079 729397847 13 41 17 2
Loriann 996576659 1334655569 05 03 02 1
Samual 824202036 1107513378 18 32 25 5
Talitha 821315942 1300605888 21 38 25 2
An 259488683 248641879 03 24 48 1
Sean 795948905 724423173 15 33 10 10
Jeffery 762729938 729397836 01 21 59 1
Marline 927890373 729921878 20 32 32 3
Elisabeth 171410116 252193750 16 32 44 2
Delmar 708799590 251835716 08 51 49 2
Sean 950057597 721528327 05 37 03 10
Curt 728422581 723395362 04 06 14 10
Brooks 461665152 799918712 19 29 16 10
Carolann 941498569 730185128 17 26 27 1
Jerald 680199498 654307106 15 03 02 9
Yuki 371185541 1107523874 21 29 41 1
Yuki 882732835 743390533 00 57 32 9
Denis 298033855 195885570 23 43 43 10
Darci 813794559 210674963 04 19 08 1
Jay 928642827 250090127 11 08 10 9
Denisse 244233644 250734704 09 27 28 9
Genny 459377854 1107499680 09 13 08 1
Johnnie 972587598 212838203 16 17 31 3
Isaac 231264377 738187062 13 04 32 8
Matilda 751416300 186000398 18 32 46 4
Cleora 557630253 116016463 07 05 14 1
Virgie 334281207 709656864 08 26 46 10
Georgette 471351362 1268333160 15 51 30 7
Freeman 411739991 747853857 21 31 46 5
Jeffery 600647799 1268333084 16 46 36 3
Renea 839180496 654307148 08 52 52 7
Kenda 392594419 249590650 02 25 46 9
Curt 142684236 760848522 15 01 31 10
Deborah 965103894 723359614 04 29 08 1
Loriann 976170848 1280456659 17 27 38 7
Alpha 778358851 724834178 09 28 25 4
Scott 444953041 1263995444 07 02 33 2
Neal 898658837 250644612 11 57 34 4
Maryam 791316807 250090214 11 33 52 8
Geraldine 423217076 730184836 17 20 41 9
Dorian 726098608 206112403 04 05 37 10
Buffy 552813673 763919572 04 28 18 7
Alexandria 257421081 566474810 16 17 55 3
Karine 962457309 251835639 17 00 33 8
Floria 258216878 150714617 13 08 22 10
Carlos 600056889 1107499709 15 54 37 9
Carli 238132465 190647447 00 38 45 1
Scott 205578363 1262693857 10 01 09 7
Henriette 906378121 223960646 17 11 10 3
Nathanael 942942784 723359507 00 32 12 10
Valarie 274557005 127974634 06 40 56 9
Valarie 814490686 1267897141 04 56 26 1
Madge 490012552 1268333055 19 11 52 7
Scott 474494023 1300579367 19 13 32 8
Antone 265227395 1278851938 02 06 22 2
Edgardo 748714751 1279946948 08 29 01 2
Alejandro 690069682 1117518463 23 36 10 1
Danita 234904772 729328599 13 21 14 3
Logan 748459811 729357208 15 03 22 10
Santos 920302908 250735649 01 14 32 4
Matilda 878951027 812701777 07 58 29 2
Buffy 345232012 249591311 22 58 30 6
Bradley 997664116 1276546626 23 46 04 10
Liane 786730251 1300773485 21 26 48 3
Clarence 417554262 248432903 01 24 24 10
Janae 610376435 252022184 04 20 39 10
Evette 522512601 765343706 09 45 58 6
Carrie 399463389 812701732 15 32 29 6
Alpha 887962841 99298277 16 24 09 1
Deborah 562488760 1267897729 08 10 51 5
Isaac 101189595 223961791 03 55 05 2
Sharell 140976567 723742537 16 34 51 2
Felton 486695333 729892165 05 36 37 9
Gilberte 188995080 1280746414 20 28 41 6
Rogelio 344154946 1106760495 03 04 48 10
Genny 253406945 1300835129 18 07 16 5
Janell 246494104 738187085 06 17 20 8
Rigoberto 570768851 760853921 09 18 04 7
Easter 593933546 1269976621 16 22 35 5
Yuk 544544631 1117518552 00 29 24 6
Leana 681805470 234655289 02 13 05 7
Man 721774791 234655318 22 42 07 1
Raeann 925493042 126136812 10 01 38 5
Edgardo 306550608 185482247 13 43 46 10
Latisha 831904021 729397785 00 01 12 3
Genie 533181489 1107523798 15 26 38 6
Ila 754840567 1267897580 08 50 18 7
Anna 484630460 148167435 02 43 25 1
Delois 173692439 1346949332 03 37 46 9
Jerald 856462577 730147569 13 27 23 10
Valencia 549829113 246782655 22 17 14 6
Tod 208346904 723395093 06 21 15 7
Freeman 621391061 253107636 12 58 01 9
Sterling 282968842 1280765476 17 02 34 1
Delois 511244573 724423150 20 58 53 10
Venice 135038278 361414458 18 15 40 10
Ralph 101552101 729397867 13 21 39 9
Angelia 933796301 259446113 03 52 49 7
Carrie 290747725 1267897604 23 52 21 9
Rima 817015968 1312562651 00 42 02 4
Jesica 891875189 142211365 05 01 44 2
Rigoberto 484183743 723395254 20 37 48 1
Deangelo 148056250 1299766646 01 32 23 7
Matilda 230175173 1106772246 13 06 56 7
Jamila 431075165 1108098071 05 30 46 1
Hal 636658682 566497372 06 10 00 9
Gaynelle 743871547 722372013 13 52 24 6
Renea 469536677 729351042 00 09 26 9
Lita 237517927 1107524022 10 57 58 6
Scott 587659005 712112996 00 53 39 3
Flavia 684944920 712162346 07 21 48 2
Flavia 738986890 1107523825 20 34 26 8
Thalia 286934484 1280456425 23 52 02 3
Clarence 549454059 1300368519 01 48 42 6
Agnus 869874723 432681912 19 17 21 5
Aisha 383083452 747846243 12 44 07 2
Marian 528806621 1263995507 21 23 39 4
Jeffery 984747336 132863427 07 29 55 3
Jaclyn 671745146 1299766789 14 27 15 2
Inell 756415276 251877655 15 33 43 6
Jazmine 503603254 743390594 12 33 38 1
Gerardo 243091105 148166461 10 59 39 3
Christinia 135979810 1345206521 08 31 55 9
Ethan 776836522 185888034 06 40 39 10
Rudy 863904171 1345206521 22 26 05 4
Johnnie 900641897 250371357 12 42 48 3
Rupert 883927033 249590434 18 04 42 2
Liberty 465264945 1117518848 23 19 32 3
Sherley 594818384 765343828 20 34 14 7
Laraine 660535123 185485287 01 26 37 8
Genie 716597341 729892285 16 45 08 3
Jazmine 331812435 1106760530 22 41 06 9
Cleora 751957813 1300754397 05 36 13 1
Renea 660111459 234662114 20 28 40 5
Latisha 891904836 729357245 01 13 13 2
Awilda 163571267 150539127 01 39 03 4
Arcelia 475125754 1299931530 20 44 53 6
Gia 115713407 1338388328 21 01 22 4
Simone 543362661 132863407 16 23 53 3
Creola 976358448 760848413 16 10 08 8
Madge 404104412 148159778 16 12 28 6
Arlean 709585187 253108180 01 44 20 6
Maynard 917709403 1300773483 22 06 02 8
Creola 938546480 723358825 09 37 10 10
Sara 922618559 1117519144 12 28 38 2
Clifford 734698806 251838787 16 06 50 1
Elisabeth 691779517 251877956 15 18 43 10
Brandon 278975652 206242946 06 56 41 1
Tod 307267732 1262693867 01 41 47 4
Anton 612324889 1264458116 18 10 57 2
Brandon 404030299 1270688777 22 44 19 4
Isaac 912233508 848010021 23 35 56 4
Shawana 436163070 251837049 10 45 39 3
Christinia 716208412 223930349 04 23 31 8
Buffy 751677034 148976774 23 41 42 5
Shery 531420817 1106760572 08 25 31 10
Nicolas 936687279 117379843 04 14 03 9
Denis 306668240 1269976618 22 58 29 6
Carolann 891643859 248772111 11 31 52 4
Virgie 905596258 253107419 01 18 06 8
Maryam 615732751 760854195 08 44 26 10
Fabian 285340192 1306862514 09 30 28 5
Ethan 302067231 132860149 02 29 06 8
Denisse 649689328 1107499700 19 22 26 7
Agnus 494271152 141786422 15 04 22 6
Tula 793008577 190635348 12 56 27 4
Shauna 705250360 1341313976 02 59 42 1
Carolann 816404708 251877848 18 11 04 4
Buffy 814416896 761324293 18 55 04 4
Petronila 905447609 1279946914 18 19 29 9
Rogelio 932836207 721538081 14 04 02 1
Alane 422320762 249193961 16 25 04 5
Awilda 417527105 1106760405 20 32 14 10
Jay 109028016 729397916 03 43 49 5
Clifford 652247769 127974629 13 18 38 6
Era 256325148 1280746408 07 06 08 2
Georgette 551283330 1265372263 01 22 52 5
Molly 771815757 99298281 19 37 40 9
Julee 143831573 186000176 20 41 51 3
Henriette 714760975 1300785732 09 27 27 1
Rigoberto 936637571 1267980615 08 26 01 6
Nathalie 615708391 729351070 10 09 57 8
Maryam 357223023 723358873 06 04 36 9
Nada 116888908 251838335 03 53 14 7
Petronila 352089789 148976775 02 21 19 9
Sharri 626321476 712112422 11 43 08 2
Solange 727416949 259444196 09 31 09 1
Solange 530970765 1280765427 18 40 42 5
Venice 560878391 1267897245 00 29 12 5
Franklyn 396478514 799908924 03 36 01 2
Kyung 792574338 1269976622 03 23 22 4
Morton 756645256 144123269 00 18 30 7
Osvaldo 547745983 729919562 22 57 01 7
Alejandro 328632404 1267897224 16 20 49 9
Louann 475188871 116023185 07 25 21 9
Eda 239494039 148185231 02 59 39 1
Gia 303459394 1269976639 11 03 39 9
