1001
Gilberte 867511529 186049091 15 28 10 1
Christinia 659989755 251510101 01 14 13 3
Lita 369660448 799908885 10 17 56 2
Edgardo 523327886 1126015201 23 27 46 2
Leana 264535143 248432084 02 37 28 2
Karri 182552049 185485286 14 54 36 1
Solange 289072053 654288533 09 03 57 3
Aisha 641342760 654306983 07 29 55 1
Belva 839790912 760848509 13 38 57 3
Darci 708363824 249197961 06 36 50 2
Johnie 284265666 259443066 06 04 38 3
Deangelo 963887969 799908881 11 08 40 3
Carlos 934296569 654288531 11 56 48 2
Renea 813167467 1270688766 03 53 00 2
Gerardo 354695059 812369810 14 12 51 3
Awilda 261259824 249286092 18 53 12 1
Carli 420288348 738183776 01 41 42 3
Georgette 523426044 1280765422 13 54 57 1
Fidel 974958926 812701858 15 18 43 3
Anna 668565495 1107523953 23 27 30 2
Laraine 602718332 195727492 21 35 13 3
Liberty 170285877 252343597 15 22 07 1
Sean 709650936 812701742 07 43 43 3
Harriette 197614845 738187059 21 32 44 3
Creola 317091199 132869534 08 30 39 3
Vicenta 512591534 765343669 05 05 12 1
Rigoberto 348421570 760854939 17 37 08 1
Alpha 625852356 1280919272 08 26 29 3
Tod 839247921 1310940676 20 05 51 1
Harriette 720149875 250734737 08 38 07 1
Elisabeth 171778191 723742674 00 57 45 2
Theodora 331916902 738187040 08 41 26 2
Adelia 371960681 1299766599 02 15 05 1
Ebonie 940543434 223894559 11 44 28 1
Jeffery 675026340 142226968 05 43 56 3
Felton 896873609 148177434 05 31 04 2
Dannie 914170276 711247736 15 11 57 2
Edna 561968485 729313470 07 58 36 1
Jazmine 249147547 1117519174 20 38 19 3
Ebonie 925111607 259443342 12 01 54 3
Jesica 618309510 1107499691 07 24 34 3
Clifford 107022820 1345207436 12 33 11 1
Freeman 658411877 1107499671 07 30 06 1
Solange 161307532 1280765545 04 09 10 3
Talitha 122194828 251837022 21 33 33 3
Sara 797876830 867504543 18 05 08 1
Isaac 302483243 760856463 07 00 41 3
Latisha 407812553 248758963 05 14 57 3
Nada 247130997 738187064 18 01 18 3
Felton 709096448 1263995532 23 44 55 1
Brandon 905494869 1267897468 18 39 24 3
Maynard 165918060 730184933 10 12 14 3
Carli 599492383 763372023 03 38 08 1
Cecelia 969976132 251518459 08 39 15 2
Janae 560488271 1305390633 03 35 38 1
Collin 146094760 1299766597 10 57 53 1
Delmar 430115740 1262693935 21 43 47 1
Nada 561549279 1268333058 02 15 23 2
Ila 469621373 1268333264 05 27 15 1
Carli 697687815 1280456560 22 50 07 1
Renea 559435733 1264458124 11 24 23 1
Sterling 250714454 140664135 09 27 49 1
Agnus 858298682 432686974 14 45 06 1
Arcelia 988943715 729313458 00 36 46 1
Flavia 518445118 1330364944 00 30 16 2
Justine 138976638 1270688752 22 26 13 2
Marian 990411768 115530001 11 48 25 3
Fabian 520876755 251607029 20 40 45 2
Julee 222243303 252024850 01 23 16 1
Raeann 237042018 1117519233 22 01 35 1
Ethan 147562386 115530010 21 06 43 3
Cecelia 625544489 1280919268 07 17 49 2
Alejandro 673227853 1107499675 02 50 58 3
Margene 241168645 1269976653 08 10 12 3
Elias 543131481 250640936 12 37 16 1
Linette 287271863 1299175731 12 12 02 2
Isaac 318332047 132844146 12 37 58 3
Manuel 358121905 249197944 11 15 45 1
Dorian 243441385 181491559 21 09 41 3
Margene 462612004 223916822 16 03 39 1
Rima 497816999 1280456463 12 04 11 1
Josue 605253512 250090207 21 33 35 2
Jaclyn 880345326 1280765542 15 59 41 1
Marian 562793722 711049360 12 12 25 3
Evette 605565644 248397613 06 01 44 2
Manuel 704186197 1276540189 18 55 41 3
Jamila 315055999 234655266 17 18 14 1
Vicenta 639445533 1265372334 23 05 44 3
Klara 979223456 223912941 23 54 36 2
Maryam 275666290 190627242 15 18 57 2
Chadwick 243649342 1280919282 02 57 01 1
Berry 642184007 253107414 17 34 43 2
Fabian 793329732 1280456449 00 38 18 2
Janell 436902665 206112400 12 19 17 2
Jeffery 126533740 760848507 19 22 53 2
Buffy 103755055 714400061 22 42 59 3
Valarie 505267784 1267897640 08 26 40 3
Petronila 417459616 249315358 19 13 36 2
Freeman 484508268 432682987 07 44 12 1
Karine 486053475 150538887 04 13 15 1
Sharri 788672032 738187059 15 29 56 3
Louann 972882643 742003235 19 34 06 1
Belva 759551491 738187085 10 35 22 3
Kyung 642632630 1269976660 22 34 53 1
Everette 317058617 251823401 18 04 26 2
Edgardo 708865579 654273253 15 37 20 1
Christinia 592274906 249285381 02 16 36 1
Sharell 958615922 1300605882 08 56 44 3
Nathanael 173301386 208765082 20 26 53 3
Chadwick 344189301 206113164 11 31 40 2
Solange 799815346 1270688779 10 20 43 2
Scott 962791190 148158614 17 31 15 1
An 668651693 742003230 21 22 59 2
Antonia 471252130 765343697 12 00 41 1
Karine 940043839 252030386 16 31 36 2
Alpha 679436178 249591128 03 22 22 3
Edna 411339738 250373283 01 44 44 1
Aisha 668143172 654307163 15 01 44 2
Son 493179594 1117518494 08 43 38 1
Sara 559350206 116023822 15 57 55 2
Marian 315586370 1263995380 18 58 02 3
Klara 649536886 729328478 22 51 35 1
Jeffery 789543823 729357116 00 37 36 1
Rigoberto 531712921 206195988 11 00 41 3
Jesica 772805348 738187053 08 49 29 3
Ida 389749328 1299766695 03 33 30 2
Brandon 891977384 566497365 19 15 44 2
Rima 192120169 100261359 19 12 30 3
Alejandro 677790995 729921027 16 10 46 1
Clifford 924513943 954702650 14 29 36 2
Nathalie 136960986 1268333160 07 37 35 2
Marian 835104944 743390293 18 59 24 1
Loriann 258875377 252193751 09 36 04 2
Danita 854687666 729892361 10 47 22 2
Angelia 307481961 186066123 23 18 29 1
Alexandria 650738885 729328587 13 33 25 1
Felton 533777486 712112334 14 53 28 3
Virgie 325264066 1299766728 22 58 26 1
Felton 406892998 799908842 20 38 43 1
Na 388535778 101481505 04 49 12 2
Moises 689210620 760856513 19 13 42 3
Jazmine 801578392 723742517 22 02 34 2
Alpha 261320676 259443345 15 13 10 2
Denis 468501573 150538491 07 49 49 3
Veta 851118817 799908852 05 07 03 2
Awilda 943544262 799908913 07 35 22 1
Hubert 965102418 723742880 21 59 32 1
Jaclyn 743254773 260026708 15 28 33 3
Vicenta 234546420 150539127 11 32 31 2
Thalia 334151242 1268333263 13 57 14 3
Anna 977168821 742003325 20 39 59 1
Marline 382448288 148227346 01 28 11 1
Belva 126255237 654569570 18 39 44 1
Jerald 343722235 186056015 21 40 17 2
Carrie 408404671 729357217 07 35 32 2
Liane 692447277 223930349 09 08 54 2
Scottie 521910357 1270688781 09 14 23 1
Harriette 156957497 150714611 03 35 30 2
Henriette 453857316 765343863 23 17 58 3
Hal 687149080 251878089 10 41 05 2
Kyung 121711774 1299766631 22 57 57 1
Na 867830176 116019570 04 01 03 2
Delmar 356729395 432689570 09 22 05 1
Christinia 210065445 259443338 14 12 52 3
Ila 632993537 1117519177 12 09 51 1
Alpha 541983441 729328595 10 06 02 2
Raeann 444662302 1305390630 03 13 22 3
Inell 638612066 729397910 21 24 37 2
Maynard 537419933 201153757 22 14 16 3
Awilda 575559094 724371152 11 47 26 1
Solange 857399889 1280746394 12 10 47 1
Fidel 106000018 724402603 13 06 23 2
Marg 913883422 724842543 09 46 59 1
Patria 908443994 743390533 05 00 06 1
Kyung 940325997 730147843 23 40 00 2
Nathanael 789789146 1262175341 18 59 26 3
Doug 527017125 140643892 04 00 22 1
Anton 630936997 760848379 12 13 47 2
Ralph 764026637 1299931464 15 11 23 1
Justine 184091846 1126015116 18 42 00 3
Debi 407190970 224905898 05 38 28 3
Valarie 780239688 799908825 04 15 22 1
Fabian 141059294 1267980631 14 49 14 1
Rima 789687547 709670305 11 53 53 1
Janell 443672492 141785858 01 45 53 2
Freeman 487935312 729397882 16 01 54 1
Veta 169279990 150546613 11 36 34 3
Jeffery 589852646 252020698 17 15 46 2
Valencia 706639513 361411834 03 00 41 3
Rudy 869001019 743390315 09 33 47 1
Karri 473941796 115504931 17 12 43 3
Jeffery 235712060 848010457 20 46 45 2
Janae 225827291 1300750859 21 33 03 1
Elisabeth 459237447 1107513379 19 32 08 3
Laraine 601139929 724848049 13 21 15 3
Elias 715227407 259444197 20 30 25 3
Justine 266828836 723395252 08 18 08 2
Rayford 563507337 729397621 08 22 09 2
Agnus 152057821 1126015387 23 20 43 1
Henriette 579030161 1351230866 12 47 45 3
Genaro 801346066 1268333055 00 45 35 2
Loriann 502733138 148976774 20 03 12 1
Marline 858040612 251835795 18 53 12 2
Tula 222724173 1300754393 16 36 38 3
Clora 387049655 723359256 11 39 14 1
Ralph 166325167 654307201 21 19 21 3
Isaac 994981194 1280765572 02 02 53 1
Madge 345242743 223907742 21 21 16 1
Alexandria 819525262 1107524019 23 39 54 2
Agnus 947756360 251839201 01 09 28 2
Leana 753672313 249197886 00 48 45 1
Julee 904229671 1117518946 08 30 22 2
Johnnie 791480762 654288563 11 55 02 1
Bradley 562946546 1280456327 23 13 45 2
Hoa 254184047 1280765542 13 32 13 2
Morton 690738203 148953047 16 42 21 3
Loriann 933936946 250733991 06 20 13 2
Valarie 178008327 224947953 15 45 12 2
Yuki 720723753 251840887 15 57 40 1
Tod 481338117 1262778719 15 09 17 2
Alissa 673607374 760848285 17 30 05 2
Scott 956422838 729397816 22 49 32 2
Sherley 169871392 730147443 00 34 38 2
Isadora 353880967 223916822 05 57 55 1
Rima 901699129 1306862510 13 59 50 2
Angelia 490718462 1300717472 09 19 56 3
Agnus 184909443 132860155 05 25 32 3
Isaac 864251094 1280919237 04 50 08 2
Son 228278890 215961307 23 58 12 2
Virgie 865024974 729919688 17 32 55 2
An 934565173 248532434 17 41 16 1
Johnnie 855061274 198440108 17 47 25 1
Janell 916435590 729351379 09 26 59 2
Howard 161915950 730076713 22 42 39 1
Deangelo 379498952 1117518697 07 26 20 3
Johnie 945710537 724748317 15 02 19 1
Darci 992001423 150536054 08 36 32 1
Anna 961723625 148229286 20 01 15 3
Yuki 775390672 867504348 07 47 08 1
Rudy 793556078 1346817913 08 31 45 3
Harriette 506096358 148951925 08 51 59 3
Ila 346877193 1280456625 03 19 01 1
Logan 145212666 250646447 20 19 45 2
Edna 586643837 223894552 03 06 58 3
Hubert 182243932 1126117721 07 03 05 3
Ida 707664549 1305390625 09 45 47 3
Johnie 975339846 762927429 06 17 08 2
Simone 358767062 253107345 13 58 43 3
Curt 329592457 144137763 18 44 28 3
Samual 806378010 251843155 00 32 07 1
Alane 818850982 729397806 11 08 11 3
Carolann 504876688 132860126 21 51 09 1
Lewis 962991012 1267897704 14 59 44 2
Felton 177328581 1299766728 04 52 04 2
Gia 660314376 223941989 14 41 06 2
Saran 637802751 1268333021 09 30 51 1
Mickey 948872330 250090124 02 10 06 2
Lita 262337135 723360259 15 26 50 3
Shirlene 309750338 250371075 00 28 42 3
Nathanael 580042758 252022144 04 09 08 2
Felton 862159376 259443067 12 31 19 2
Anna 786530287 1299175731 18 02 28 2
Arcelia 818814329 711247718 00 03 22 3
Everette 557940115 760853907 17 52 01 2
Elias 654307165 148951925 16 27 54 1
Collin 960560750 250761209 12 54 47 3
Chadwick 112152885 1345206526 22 59 26 3
Floria 667561476 1267980639 01 35 27 1
Genaro 530259271 812369843 14 49 51 2
Bradley 607310162 729919831 19 49 16 2
Genaro 598583389 251838254 19 05 35 1
Freeman 201712421 99298277 17 40 34 3
An 583043314 234655289 12 33 36 3
Jesica 415604542 760853898 13 50 40 2
Creola 601827025 253108183 15 56 27 2
Maryam 332010155 223894632 13 08 44 1
Evette 281769791 248631965 17 44 00 2
Sharell 988197742 1265372270 15 07 03 3
Renea 877398122 190627229 08 48 29 1
Jc 983107338 712112115 01 39 54 2
Patria 971796339 723395254 11 53 46 1
Adelia 252136223 654288620 06 56 09 2
Rogelio 646100176 251839266 17 47 09 1
Marcene 763015256 140277985 08 07 48 2
Na 405754524 1299766744 14 45 36 1
Madge 735650147 566473809 19 37 58 2
Rupert 636065672 711247942 06 24 55 1
Hubert 581712467 251607142 19 48 57 2
Karri 426497322 248397792 09 58 27 3
Rudy 234942440 760853971 13 38 21 3
Theodora 170923553 1279946919 11 32 15 2
Alane 952217620 1117519102 12 34 16 3
Man 951112402 760848403 11 24 40 1
Darci 810002548 250734982 19 04 55 2
Gerardo 847100663 223894551 12 37 35 3
Loriann 617066714 711247681 04 29 02 2
Mickey 972013319 1299766600 07 30 40 2
Floria 870874017 720188870 23 38 01 3
Antonia 723554643 141785238 20 51 02 2
Clifford 297483177 1280456463 22 18 46 3
Dorian 195642940 201145296 03 54 50 2
Karri 214165866 760854944 18 05 20 3
Adelia 893816376 729328555 06 29 17 1
Delois 710823521 1117518446 15 20 04 3
Nathalie 918756560 1268333139 18 38 15 1
Deangelo 447755489 812369787 05 24 34 1
Alane 768190720 148158625 01 59 11 2
Sonya 527187622 201153755 09 51 26 2
Antone 520940289 730147362 00 42 30 3
Inell 602688748 1269976619 21 31 04 3
Sharell 490505950 248433278 12 06 15 3
Gerardo 182532204 250645834 05 43 44 2
Luis 432681668 1117519296 00 00 45 1
Rhiannon 967957735 1269976623 01 54 21 2
Liane 774558827 249196856 00 30 24 3
William 793584263 186069298 23 09 01 2
Eda 789704791 711049594 19 55 06 1
Rigoberto 230753098 141785243 03 52 22 3
Lita 284239884 249436248 21 12 41 1
Ebonie 913459588 252023352 12 13 53 2
Gerardo 521725255 1117518451 20 07 35 1
Jazmine 428976785 723742797 13 54 16 3
Berry 319281964 185477128 20 36 53 1
Karri 640694961 248455497 21 52 24 3
Freeman 869584583 1107524008 21 18 16 1
Greg 179048178 252415819 15 34 46 2
Isaac 318489894 1330364939 20 04 39 2
Marg 692874784 1335406522 23 50 45 1
Janae 228218699 729357217 09 21 31 1
Thalia 384729380 867504543 08 58 57 3
Patria 595633599 1262175335 06 25 51 1
Thalia 153206494 723359580 17 01 46 3
Samual 288892893 1267980651 03 44 17 3
Rogelio 141497152 1117519261 02 19 10 3
Creola 784337581 259443338 23 35 02 2
Raeann 851440021 1345205537 10 40 58 1
Chadwick 891126724 249227631 19 59 01 3
Cecelia 207728332 729892133 07 37 37 3
Emilio 769036872 1267897343 21 52 59 1
Genie 493112650 252030411 00 05 58 1
Ashton 681786941 1117519070 23 30 10 1
Debi 270373651 760853884 01 10 56 2
Elisabeth 527130291 1269976621 07 30 31 1
Angelia 494119282 223952413 23 17 23 1
Liberty 459028114 239989860 11 04 43 2
Carolann 400524401 115530007 14 41 41 3
Clifford 678049452 1280765409 17 03 23 3
Marian 386501101 1107523921 01 10 31 2
Eda 561968641 723359280 06 31 48 2
Buffy 466792106 729397904 21 53 52 2
Ida 933740064 712112961 10 50 16 3
Kenda 849623385 117379842 12 15 45 1
Talitha 965958208 1117518488 07 57 03 3
Marcene 328308845 1312562656 14 48 57 1
Antony 667265219 1117518678 07 18 03 2
Janell 288989231 239991047 06 56 30 1
Carrie 839958678 253107655 22 00 15 1
Morton 839913700 729892115 00 24 19 1
Mickey 151384294 654288538 15 19 24 1
Marian 750748363 148951924 08 03 16 3
Henriette 311626941 150564526 14 50 31 3
Saran 239657452 738187094 23 27 31 2
Isaac 928481419 223930349 14 11 32 3
Genny 316021509 115530012 19 33 49 1
Son 938752335 223966102 20 39 09 2
Cleora 492875547 812701774 09 33 45 2
Cecelia 470796571 729986284 13 18 00 1
Eda 538501251 1106760423 20 47 35 1
Antone 519245702 132860796 21 59 34 3
Marg 184589238 1345207437 03 05 07 3
Arcelia 855608089 1300759626 07 23 55 1
Georgette 532958204 1117519250 05 26 34 3
Ida 608862316 223961791 09 13 28 2
Georgette 175592516 208625148 08 44 19 1
Gaynelle 182369713 206196172 19 37 24 3
Rudy 798898747 251839473 18 59 31 3
Fidel 743214185 721556050 02 18 09 2
Talitha 978476153 765343842 04 20 02 2
Petronila 198814908 128352962 17 16 23 1
Bradley 569749651 1126118050 23 15 47 2
Jesica 703433868 812369759 17 35 05 3
Tula 829370396 251838231 19 39 10 2
Ida 374088125 1276540191 01 26 43 3
Rima 736451951 760856516 20 50 22 3
Manuel 216750345 1300768751 18 05 18 1
Neal 492825819 729338475 20 57 36 1
Sean 746950213 1279946971 14 38 25 1
Osvaldo 221464090 252022219 17 04 18 1
Justine 502809175 812369846 01 47 05 2
Deangelo 194431550 1280456416 19 10 37 3
Aisha 996637670 711049424 17 11 36 3
Evette 538783030 723149374 11 19 23 3
Shauna 104853783 712112115 20 41 13 3
Buffy 667948182 248397604 10 26 48 2
Emilio 736792058 799908822 19 33 18 2
Creola 139622388 711049479 16 12 07 2
Hulda 271989594 1117518664 00 26 53 2
Fabian 296596665 760853903 22 11 05 2
Henriette 160547358 223930362 06 57 54 3
Denis 837795198 150714612 02 59 38 2
Samual 130369298 1280765445 10 54 41 2
Nathalie 430260678 148159778 05 34 48 1
Virgie 972770219 711049538 21 48 43 3
Yuk 764635907 250163487 15 06 23 1
Danita 707406751 251838441 01 08 53 2
Virgie 337716841 1126015035 23 44 17 1
Agnus 924926428 729986284 16 33 07 2
Cleora 834984957 1268333087 13 07 39 3
Theodora 566690244 729351065 05 45 24 3
Harriette 265704341 729338434 14 27 02 3
Inell 353148353 250648516 22 42 25 1
Virgie 840513169 190627236 10 21 33 2
Antony 431763559 729397984 23 43 46 3
Collin 141536371 1341313971 04 48 59 3
Klara 924169968 812701805 08 27 41 1
Morton 680170893 566484420 18 15 35 1
Moira 587540933 1267897541 06 21 31 1
Everette 455809843 246782666 08 26 48 3
Marian 911396290 116088559 17 43 48 2
Greg 813430967 867504464 07 51 41 3
Johnnie 406092001 730076713 16 13 14 2
Lita 498951035 144124751 01 29 19 3
Sterling 139206016 248433372 18 11 49 2
Kenda 382246900 711050078 17 11 07 3
Eda 327611595 432686974 19 25 09 1
Veta 620309406 251843980 21 40 46 1
Angelia 909833721 709656821 10 34 05 3
Doug 886347700 1287184356 21 11 45 3
Leana 747854675 1280456575 17 52 22 2
Nicolas 543015139 1267897685 14 20 22 2
Patria 694885445 1268333015 11 17 10 3
Jerald 386500434 711049560 01 10 35 3
Petronila 744924925 711049491 07 21 31 1
Loriann 334988747 1117518804 13 02 34 2
Chrystal 684275899 140230095 20 57 08 2
Janae 144749320 729397871 20 17 30 3
Raeann 943954512 1280765432 16 58 48 2
Alpha 886187638 760853915 11 13 49 3
Sonya 946751771 743390504 13 18 01 2
Margene 892175422 1262175384 01 22 13 3
Sara 651623611 148227346 08 16 08 2
Debi 447071879 1126015008 03 25 01 3
Laraine 839651368 729986286 10 29 48 1
Doug 402715361 723359552 09 11 10 2
Scott 151497262 723664382 19 44 48 3
Loriann 327467036 1280456620 12 47 24 2
Brandon 914483645 1106560639 15 55 48 1
Margene 142715507 141785243 08 45 31 1
Solange 162642475 130097567 18 41 31 2
Antony 250949231 215892286 19 38 03 3
Era 850938635 223894606 08 49 53 2
Petronila 987886661 150546608 05 25 17 1
Gia 651921825 725277278 11 03 01 3
Eda 725863350 1305408625 16 08 59 2
Shawana 247578901 1280765536 21 47 27 1
Liane 813849791 252401953 01 18 51 1
Marline 823664239 760854247 22 20 52 1
Chrystal 350175981 723358858 05 03 18 1
Rayford 999724685 1269976631 08 55 47 3
Josue 975717672 1280765432 15 01 04 3
Santos 927866712 729920762 07 19 50 3
Loriann 155876245 729351523 07 16 58 1
Karine 480974833 1299766752 16 20 02 1
Antonia 212094052 1312562656 21 10 33 3
Sherley 820642860 252415817 21 41 38 1
Johnnie 322370365 151236886 15 37 54 2
Janell 673347319 115972909 04 07 08 3
Henriette 408483975 127974631 09 27 40 3
Molly 900410442 714400189 23 26 49 1
Darci 256427367 250735566 22 52 00 1
Liberty 777148503 1280456487 16 15 00 2
Clifford 425964259 1270688796 20 35 43 1
Evette 212981253 724739317 13 11 21 3
Inell 960273815 186066125 04 50 38 3
Virgie 583583261 1267980653 01 33 12 3
Antonia 961516631 711049621 02 47 35 2
Valarie 698913857 711049515 22 43 40 3
Sara 492124180 361412440 15 52 18 3
Elisabeth 549915261 1305408623 06 36 31 2
Shauna 517037178 724834178 23 10 25 3
Janell 473498767 711049399 16 43 12 1
Morton 580554089 250645540 06 19 37 3
Brandon 856824035 432686070 21 50 48 1
Lita 292346205 799908827 18 39 50 2
Bradley 977729959 812369831 06 14 37 1
Latisha 712286204 723359525 00 25 06 3
Gerardo 735574428 1280456305 03 05 46 1
Hulda 117885059 251774219 15 55 29 3
Lita 190935639 248426566 19 04 01 1
Curt 513577040 1267897600 07 18 55 1
Collin 530057238 765343817 01 08 17 2
Alane 209532444 743390424 09 07 29 2
Jc 190091454 799908822 12 23 14 1
Yuki 298013856 760848512 20 27 15 2
Flavia 296584989 251843159 18 48 23 2
Brooks 645586311 723359484 20 18 46 3
Cecelia 845502068 712112040 09 06 23 1
An 507060917 723742598 00 01 21 3
Clarence 345923843 149368157 06 16 24 1
Magnolia 981417203 729397839 09 25 25 1
Hulda 114276325 223947510 05 02 08 1
Fidel 264984367 723359947 13 17 26 3
Carli 912732627 1269976616 06 45 50 2
Sharell 875390739 723358924 00 51 04 3
Sara 968733348 1267897416 02 20 23 3
Jamila 991357949 765343889 17 06 34 2
Isadora 371469883 730147362 22 30 26 2
Shawana 563408285 1117518731 21 28 29 2
Theodora 823558139 248440586 05 41 02 2
Hubert 144755887 148179342 03 46 52 3
Greg 349971297 1310940710 06 22 42 3
Venice 994930980 132860186 17 20 47 2
Loriann 174796312 730147696 00 25 53 3
Shawana 109144405 742003251 19 01 05 1
Delmar 511292796 150546604 05 55 08 3
Rayford 459172632 760848294 22 08 00 3
Simone 492974883 723395088 04 56 46 2
Rhiannon 887782080 208625148 01 40 18 2
Danita 194343380 1278851934 06 38 37 1
Berry 659544890 1270688779 05 56 08 1
Luis 182656738 1267897215 09 05 14 1
Marline 591275363 1270688785 17 15 16 1
Agnus 533056922 729328864 17 25 29 1
Denisse 883713202 432689580 04 56 56 1
Rhiannon 872678709 1267897406 16 02 03 1
Gilberte 877745014 1262194589 18 11 14 2
Felton 689420949 1280919249 00 24 35 3
Man 316540310 1280919296 23 23 39 3
Venice 425426735 250642001 05 01 34 3
Clifford 348901957 249715333 08 58 08 2
Solange 772929507 251837061 17 02 05 1
Cleora 898455553 1280456585 14 21 20 2
Gia 682377858 1267897520 13 49 36 1
Alexandria 980284318 520740282 18 30 24 3
Thalia 185803562 760848315 13 17 00 1
Adelia 304664348 144141035 02 01 33 2
Shauna 315367933 1267897103 18 42 22 1
Morton 218966059 1126118051 14 15 57 1
Sharell 312220353 1117518925 07 58 40 1
Kyung 531240102 799908833 15 46 51 3
Jay 858156718 234655317 10 42 56 2
Leana 749543982 1299766634 14 31 50 2
Hubert 370632064 654288594 02 59 16 2
Geraldine 616884452 250640540 03 02 09 1
Clifford 517068261 246782097 22 00 11 3
Thalia 286261005 223907761 11 06 21 2
Rogelio 249466160 1346949341 19 22 26 1
Carrie 312249208 223941968 06 10 03 3
Liane 256166390 251877845 03 21 56 1
Tod 651592306 142211365 00 58 49 1
Easter 298917554 234655280 21 52 28 2
Ida 747304793 432676901 09 49 41 2
Rudy 559337563 250734446 03 10 56 3
Flavia 854087267 251843155 06 37 21 3
Virgie 217006758 1072128843 03 47 15 1
Johnnie 845491653 566497364 05 01 18 1
Alexandria 780204496 1280456556 23 37 24 3
Carli 377655013 1106760468 20 04 35 3
Harriette 617449936 723358924 14 10 53 2
Hal 409523270 1269976616 23 44 13 1
Gia 133173615 714400061 21 04 51 3
Ida 591615471 730147649 13 02 43 2
Ebonie 373398169 654288610 20 06 20 1
Berry 176036485 1107513377 18 18 28 2
Renea 694397053 1107499727 02 04 50 1
Janell 699068908 722372893 21 45 15 1
Ila 941083185 654288612 15 17 43 3
Awilda 544597086 729397842 21 28 57 3
Shawana 501574453 729921344 20 35 22 3
Vicenta 384420945 99308751 03 34 36 3
Antony 162289533 729313477 19 13 03 3
Hubert 477702402 1345206521 14 36 21 2
Nicolas 258014502 954702758 06 40 57 1
Hal 907798734 1300768763 23 37 45 3
Easter 117707279 259443050 08 33 58 2
Na 369207921 1346949330 22 08 37 2
Earnestine 731161972 252022749 21 56 33 2
Theodora 220765402 186056014 11 57 42 1
Floria 599146641 1300738454 19 05 47 2
Alexandria 214046972 1268333059 01 40 57 3
Janae 207407852 116014622 00 19 08 1
Yuki 258197264 142202064 03 33 53 2
Karri 826285359 361411617 13 23 21 3
Angelia 688319341 1107499667 10 35 37 1
Moira 850768891 1267897706 07 41 17 2
Denisse 754805659 711049379 03 10 51 1
Nicolas 475450310 1310940692 04 43 20 2
Molly 127618943 1267897783 11 33 04 3
Hoa 654585683 1340588651 09 52 47 2
Nathalie 539269356 259428139 19 42 44 1
Lita 104267488 760848321 05 51 18 1
Vicenta 760027163 250371078 02 01 45 3
Son 214707768 723395117 13 39 53 2
Gerardo 728291225 1267897386 06 02 36 1
Liane 254111137 723395329 14 32 43 3
Darci 494318159 185482238 11 57 50 1
Geraldine 784002109 566487735 14 57 20 3
Louann 977251546 724739186 21 08 14 3
Genie 416070263 1107513405 15 38 30 3
Hubert 226621728 1269976634 22 41 14 1
Gia 721022032 760856516 17 58 03 1
Arcelia 714186873 520740262 06 41 39 2
Jerald 125009337 1117519144 05 11 54 1
Sean 544136267 250642917 13 30 17 3
William 441038056 729338535 04 27 27 3
Nathanael 731214452 251773613 19 00 54 2
Chrystal 328652826 723395142 09 08 28 3
Ethan 712503776 1117518745 13 16 35 2
Gilberte 801269789 250645548 02 50 20 1
Dannie 858092461 240147816 20 03 02 1
Isadora 852318388 251908114 08 22 06 3
Lita 773672166 1269976623 16 55 22 2
Rogelio 597424797 1270688745 07 47 18 3
Earnestine 841788168 954702764 13 01 29 2
Sonya 954674421 654288631 09 57 39 2
Aisha 598979177 723358547 02 04 45 3
Rogelio 897791326 142223523 10 18 51 3
Nada 735561902 150538518 04 32 55 3
Shawana 973036945 520740191 13 38 03 1
Scottie 247289419 190627225 02 24 04 3
Gaynelle 725143650 248532435 07 21 57 3
Genie 567048687 1280765516 13 55 10 3
Valarie 944141793 186049087 19 26 28 3
Solange 387514662 742003208 11 53 35 2
Anton 827533707 654288591 07 34 54 2
Osvaldo 664094522 711049378 04 13 54 1
Yuki 623960429 729357217 21 59 28 2
Arlean 168771025 730147503 15 14 06 2
Rogelio 365921121 1300579366 17 15 02 1
Ethan 454437683 250735520 06 51 35 2
Genny 321823307 1117518647 01 15 14 1
Berry 886746950 1300785756 14 19 31 2
Marcene 391077050 250090121 07 20 20 1
Logan 970127764 954702660 06 33 08 3
Dorian 587967979 711089865 17 56 41 3
William 695434869 250735146 08 29 25 3
Isadora 775434947 1280919294 15 54 50 2
Virgie 177756593 729397710 16 24 35 1
Eda 222680097 1108098104 14 28 14 1
Sara 820279502 250090132 13 06 51 2
Hal 533565737 615989923 10 41 36 3
Greg 182857886 747846225 19 19 18 2
Sharri 787927816 1267897638 10 02 31 3
Vicenta 867900883 1335406521 15 11 38 2
Yuk 499172996 724402528 06 07 14 1
Alejandro 463362914 144137049 08 08 18 3
Carlos 650801302 1300773502 17 01 29 3
Latisha 375657478 1330364941 17 06 17 3
Hoa 780987063 1107523741 03 51 13 3
Awilda 539709979 954702645 08 26 04 3
Man 249752258 742003206 21 16 07 3
Sean 967610743 248395535 23 56 40 3
Rogelio 357659340 1126015197 20 42 37 2
Marline 452260808 654288626 10 58 26 2
Debi 707713035 251775899 17 23 08 1
Hulda 159967113 148214606 06 58 51 2
Morton 776936908 799908843 19 25 24 2
Matilda 637822815 135824470 13 19 15 3
Valencia 189655396 198440105 08 03 41 2
Talitha 249772263 1270688796 02 56 48 3
Shery 621270760 251838337 18 02 49 2
Arcelia 243677958 251839168 13 41 19 3
Rupert 281021148 1126117815 06 44 49 2
Justine 862223877 224900948 02 35 12 2
Arlean 841731716 1126015293 00 47 13 3
Jamila 419809580 724739976 09 27 53 2
Clarence 616466265 251837054 18 47 47 1
Mickey 129868572 729892406 11 29 49 1
Rima 539616069 1117518980 15 37 58 1
Renea 329306442 723742482 19 36 41 2
Elisabeth 184908423 1306862507 02 11 18 2
Georgette 418554033 140240906 06 28 28 1
Earnestine 660298332 723742623 04 40 10 3
Greg 251110343 729351343 07 51 13 1
Laraine 777876684 223960643 21 14 01 1
Deborah 262990864 116020332 20 23 52 3
Venice 530792093 1262194591 18 22 40 1
Harriette 950416428 223941949 00 45 33 3
Santos 615252816 721538063 18 49 25 1
Jazmine 882949963 954702616 03 24 21 2
Everette 261489991 1117518991 12 22 04 3
Alexandria 849998535 250761209 08 41 11 3
Adelia 527337318 1300785707 16 51 51 3
Chadwick 976003153 206113186 12 49 35 2
Samual 837405638 361414457 12 39 56 1
Venice 151991437 248395540 19 26 04 1
Alejandro 373665501 140650779 01 24 57 1
Hubert 540867882 252023347 02 49 19 3
Evette 565902200 720188705 16 30 35 3
Talitha 311714376 432686962 12 10 56 3
Solange 509961360 760854951 20 41 19 3
Everette 418531517 743390293 05 47 18 1
Liberty 300803246 248576419 04 54 39 1
Arcelia 351280634 1117518938 13 45 21 2
Gilberte 470034679 1126015295 01 50 26 3
Marcene 559347279 26062548 10 51 03 3
Morton 342545814 724402563 10 17 08 1
Vicenta 237294714 1270688773 17 38 05 2
Dannie 222058671 714400164 17 11 11 1
Sharri 543817590 1300750861 04 10 50 3
Belva 715966376 132863404 14 06 35 3
Rudy 248396387 722352556 14 15 07 1
Jc 202464518 148217226 19 48 18 1
Collin 181199812 248641876 21 28 36 3
Petronila 452310292 762927705 17 46 58 1
An 287470289 723111098 17 49 46 2
Doug 760970558 723359947 22 30 06 1
Agnus 435684709 142211362 18 51 01 2
Flavia 964754540 812701788 11 36 06 2
Tula 938424963 250377641 18 55 26 1
Sharell 836311482 212838203 22 44 55 3
Jaclyn 578255920 615989853 18 46 17 3
Brooks 458416131 724738882 07 51 41 3
Eda 400159230 1270688785 06 52 12 2
Shery 396100629 720079813 03 11 26 3
Howard 925775264 215892283 18 17 49 3
Buffy 318241020 150714612 01 28 27 2
Elias 751034241 251841426 07 34 37 1
Rupert 554215626 148665616 19 41 54 2
Greg 521603855 1268333269 11 17 43 3
Rupert 185788664 1312562667 01 32 06 2
Margene 408536977 747853846 04 08 43 2
Maryam 883360444 867504463 04 55 46 3
Eda 429914695 259446670 11 39 21 1
Christinia 188543563 1262175364 05 17 18 3
Renea 248259846 729328370 02 48 51 3
Darci 939109966 1117518422 22 58 15 1
Cleora 456495975 1280765500 15 19 39 2
Adelia 472544904 812703531 13 26 01 1
Nada 179418450 1117518596 04 02 25 1
Ebonie 916495528 1300750861 16 48 20 1
Antone 288462470 1072128861 13 43 30 2
Marline 189079672 1268333038 09 27 34 2
Henriette 724525992 729397894 10 38 03 2
Berry 865327508 566497381 08 28 56 1
Collin 382201631 190647444 09 19 40 3
Tod 129565843 1280456445 12 22 01 1
Kyung 197923612 253107345 05 07 34 3
Freeman 940756976 1126118020 15 43 00 2
Hoa 424594440 848010011 20 56 28 3
Hubert 396685313 249591127 13 12 58 2
Jeffery 284144539 729357209 12 58 42 1
Antony 595096982 729397826 15 10 25 1
Shawana 669018802 251877655 23 29 25 3
Antone 551388169 116020334 05 46 37 3
Nicolas 983050563 250734692 12 02 43 2
Margene 589894115 743390544 20 11 04 3
Yuk 952164703 224922552 16 45 39 2
Shirlene 967390749 132839109 12 04 48 3
Simone 490494977 1117518991 09 36 12 2
Marline 962424463 729313481 07 55 09 3
Hubert 753050318 141779330 07 00 24 2
Ebonie 342960181 215964242 11 00 36 1
Alane 425346508 228865732 05 01 00 2
Edna 632588717 1299766815 20 20 33 3
Sonya 280422085 432681919 16 40 20 1
Eleonor 636004214 723359503 01 18 29 2
Scott 190006330 729351010 19 35 45 2
Eda 686175476 1280919285 21 24 33 3
Isaac 110372823 208625147 01 12 02 1
Rima 219873400 1267897469 19 52 16 3
Rudy 412229074 253107647 12 04 37 1
Antony 942717946 1262693903 06 49 54 3
Olinda 171089165 1107523945 04 34 14 1
Alissa 660298223 730147333 00 55 36 1
Rogelio 294699925 1267897625 10 00 22 2
Johnie 226994405 1268333147 15 27 53 1
Greg 341614038 1280919282 04 55 25 1
Logan 925476408 1107523893 00 35 37 1
Clora 344219852 252020862 19 43 59 3
Scottie 138244245 729313460 13 53 51 1
Isaac 570651023 1280456445 21 34 57 2
Osvaldo 527186287 1262693872 21 50 49 2
Son 966486893 252023520 03 37 42 2
Arlean 965127936 711248002 14 01 07 1
Yuki 770314693 206153380 12 04 09 2
Arcelia 163055578 260027575 18 11 13 3
Jc 891522432 223941961 23 43 35 2
Manuel 570658513 250090215 01 26 05 1
Liane 797118156 223894600 05 47 06 2
Rayford 577639963 1117518599 16 08 23 2
Sharri 147604369 432681917 20 48 13 3
Shawana 514598778 730147496 11 45 03 2
Darci 741879145 248395528 00 55 27 3
Kyung 607030781 259428346 21 38 22 3
Madge 892605512 1117518772 07 20 01 2
Liane 955164734 723742467 10 12 04 2
Lita 776648111 760848512 20 45 01 1
Janae 450267536 251773608 05 29 06 3
Olinda 454994591 723742459 05 17 58 1
Petronila 557289446 1267897706 10 39 44 2
Moira 720002591 729398000 04 52 46 1
Louann 845657180 142708014 15 13 21 3
Doug 113511765 1300735496 05 27 50 2
Marline 814175663 615989915 01 45 19 3
Sterling 860635648 723359552 18 18 09 2
Harriette 317124849 760848393 21 49 03 3
Solange 179432862 249315367 13 25 45 1
Sharell 663516032 251878141 14 05 34 3
Deborah 890923972 723395282 19 02 34 2
Yuki 127650913 250733991 12 08 09 3
Luis 752279835 1300605888 07 13 52 1
Matilda 382094237 1300785723 17 20 56 2
Rupert 289037437 1280456393 02 52 42 2
Alejandro 428512933 1330364948 14 44 28 3
Deborah 500705349 1117518475 02 35 19 3
Floria 618868013 654288616 12 11 02 3
Edgardo 261295494 1267980636 12 14 40 1
Rigoberto 811042559 208772957 23 59 45 3
Easter 217743022 150537586 18 22 15 2
Adelia 847617713 223960643 08 28 49 1
Alexandria 807123483 729921271 09 37 00 3
Delois 983634077 1267897403 13 16 33 3
Ethan 463328488 1279946939 14 55 44 2
Latisha 822074088 1106760416 02 49 56 3
Sharri 483931515 248397612 17 51 48 2
Eleonor 816085857 250373252 01 46 08 1
Jesica 656895264 1299766695 19 24 20 3
Vicenta 171741394 223925074 03 29 33 3
Ida 828142789 1126118036 09 38 03 2
Franklyn 754347186 1300775748 12 22 19 1
Jaclyn 398551556 1263995483 07 12 51 1
Anton 233414783 249197943 10 39 41 3
Alissa 516358576 251030476 19 17 07 3
Justine 619436259 711247960 01 13 27 3
Ila 252693134 711049458 08 14 16 1
Santos 421278492 1269976615 22 28 04 3
Marg 619009615 712113131 01 59 26 2
Samual 754551808 1300717478 19 16 14 1
Leana 718276743 432689586 01 03 13 3
Petronila 281813408 250371079 17 16 38 1
Chadwick 834184749 738187039 15 11 14 1
Logan 277874875 1268333026 07 37 53 1
Liberty 681257717 148951920 19 19 26 2
Chrystal 433428184 1268333254 05 39 38 2
Maynard 762706338 115530003 22 51 40 2
Genaro 253687105 190638201 09 46 56 1
Son 584519185 1263995444 09 39 55 3
Yuki 208761588 208765077 11 15 48 3
Rigoberto 617211207 249417384 17 29 04 2
Cecelia 679281113 711247763 13 46 53 3
Liberty 494287592 115543626 15 24 15 3
Matilda 185875215 723395091 14 31 39 2
Na 999614220 248641707 04 12 11 2
Jamila 569073777 724739440 14 13 55 1
Petronila 261192746 223945735 19 24 58 1
Kyung 340323361 251838190 06 26 30 1
Antonia 324485380 1126015376 03 08 02 1
Margene 245456965 812703531 18 38 20 2
Samual 228357361 1107499681 14 18 56 3
Darci 292027992 250643377 23 37 39 1
Renea 729995391 799908842 18 59 15 3
Denisse 592421298 1262693945 12 14 37 2
Everette 657843060 729313446 03 23 10 3
Adelia 363190098 1280456447 14 58 56 3
Yuk 727070140 1299766681 18 17 57 2
Danita 235630809 1264458116 23 04 06 2
Louann 618528215 709656849 09 03 03 1
Berry 453447243 1107499729 09 58 29 3
Scott 719822874 150546609 22 10 57 3
Marg 208180785 1278832948 08 07 46 2
Jesica 839293164 253107343 12 22 16 1
Sherley 310174215 224905898 16 01 58 1
Yuk 580004934 711049420 01 45 17 3
Rudy 124280521 432696596 07 39 40 1
Karine 321126667 1280456638 23 49 57 2
Matilda 221767103 116036797 19 07 24 1
Marcene 771918890 116082190 14 45 41 2
Kyung 930802261 1268333034 20 35 17 1
Scottie 616834935 922312766 23 20 35 3
Howard 356578850 1262175336 14 43 16 3
Evette 328236314 1300835134 02 07 19 1
Yuki 639090543 954702756 20 45 46 1
Magnolia 221056167 566497366 11 55 02 1
Antone 950716480 150538494 18 47 48 1
Greg 265927454 765343859 20 00 08 1
Sean 170465719 1305375724 00 55 44 1
Talitha 724636580 725277279 04 13 02 1
Margene 624026602 248641575 22 36 21 3
Sterling 899939794 1107523832 19 18 41 1
Antony 641199954 116023822 02 32 13 2
Hulda 127047993 250371371 09 04 58 1
Carli 918995037 148976996 07 41 39 1
Klara 698589968 259443068 15 36 50 2
Vicenta 111001513 711089881 14 13 02 2
Maynard 763188035 148158618 01 09 14 2
Samual 105487349 712112311 10 23 19 1
Howard 963482719 432677279 19 17 42 2
Clora 863167496 249314815 16 02 43 2
Jerald 793583711 954702758 18 08 08 3
Freeman 142868560 117379847 06 21 49 3
Janell 736037563 747846222 19 15 00 3
Morton 225707841 1270688752 16 20 31 1
Rigoberto 326096022 711049825 01 44 24 3
Collin 820163738 799908854 23 00 04 3
Rigoberto 970375378 223901051 06 55 49 1
Creola 200408604 132839109 10 52 15 2
Dannie 372725412 1117519261 12 17 09 1
Franklyn 133935817 144130935 09 09 27 2
Madge 679976469 151231776 03 47 05 3
Antony 169647268 1267980654 17 34 00 3
Geraldine 275845204 250371080 00 53 28 2
Lewis 578142961 1107523866 14 41 04 3
Gia 251352347 100261370 00 46 11 2
Carolann 993467931 1267897717 14 24 12 2
Mickey 346472294 729313479 12 24 38 1
Louann 706451463 1263995409 04 42 14 1
Thalia 511450860 259444198 00 27 52 1
Janell 686637396 730076774 07 51 56 3
Jazmine 596187743 1345206822 17 08 15 3
Arlean 845800431 234662121 13 28 50 1
Era 133397042 729920950 19 46 34 3
Marg 878094409 848010395 00 56 19 2
Santos 424726469 1268333256 07 17 47 1
Shirlene 879643842 722371976 08 39 43 1
Marline 524475754 729351422 03 26 43 1
Anton 507453647 1267897110 11 55 58 3
Genaro 198075595 246782670 05 29 49 2
Luis 128310904 1280765584 01 35 18 2
Antonia 375419679 190627235 10 17 30 1
Scott 975326112 712112801 19 06 54 3
Solange 432295209 1267897128 14 10 04 2
Shirlene 162011284 765343890 07 29 40 1
Edna 379347942 1267980638 07 08 56 1
Man 808208966 250641863 08 10 04 1
Floria 881697757 252024597 13 26 47 2
Evette 531822853 1280746413 14 13 28 2
Latisha 998728914 206154009 23 40 42 3
Jc 273077399 654288571 07 38 11 3
Sean 661574170 115530017 20 31 53 2
Christinia 740368835 1263995532 01 39 32 3
William 508858885 100253318 20 46 08 1
Delmar 238579592 144130943 20 33 53 1
Solange 947558438 765343669 07 18 47 2
Valencia 185436923 248397113 22 15 42 2
Edgardo 983820559 248419294 19 15 21 3
Carolann 468951266 250929922 06 00 07 2
Alpha 755433393 206112399 20 45 30 1
Denisse 845504587 215889334 06 00 41 1
Hoa 466498427 566497372 22 21 07 2
Valarie 423147740 432689584 06 56 22 3
Morton 407070461 1126015295 22 38 17 2
Earnestine 744379061 1117519014 19 47 26 1
Rupert 868757407 250372155 14 21 36 2
Rogelio 878509250 1268333019 01 02 53 3
Neal 843333008 252023337 08 39 13 1
Jamila 618474972 1280456535 15 27 05 2
Antone 893477655 848010601 00 19 22 2
Matilda 292358040 724371383 19 02 34 3
Genaro 456789882 812701731 12 24 25 3
Danita 508950951 723395129 20 45 23 3
Lita 521353855 1280919267 02 25 58 2
Cleora 637970386 738187056 22 04 49 3
Nathanael 109638356 251838328 21 54 42 2
Howard 244588600 765343842 14 43 15 2
Ila 478789809 654288526 23 51 12 3
Everette 678346409 237698734 01 17 55 1
Louann 929475555 432676906 20 40 17 2
Rhiannon 119444241 1267897496 11 15 52 2
Freeman 874120436 1279946931 12 24 47 2
Jamila 536894640 729397844 19 44 37 3
Clifford 144196635 1267897193 16 39 58 3
Theodora 408523630 251843223 22 48 15 1
Nicolas 986391314 729397887 10 10 49 2
Marg 163578679 520740273 11 32 19 3
Simone 629241781 867504411 06 19 04 3
Liane 251350212 259443052 08 13 55 3
Carolann 151935104 729397895 09 18 23 2
Louann 155823904 709656843 22 46 12 1
Sherley 519555268 723742595 05 43 33 2
Buffy 743713448 249197950 04 53 05 1
Evette 112906712 1305390625 10 34 43 3
Clora 916177003 249196878 06 19 49 2
Inell 767453727 729397898 07 10 32 2
Belva 762275407 250736080 23 08 26 1
Dannie 966679814 253108185 06 47 06 3
Earnestine 928113425 1280456538 07 19 46 3
Leana 636436768 252415814 00 13 19 2
Debi 948509327 251780911 20 56 17 1
Sherley 443566583 185482244 21 07 59 1
Nathalie 735819743 201153759 08 53 24 3
Maryam 800520328 1267897470 19 49 47 1
Rima 685901925 252020698 13 39 15 2
Valencia 892248687 206245039 15 19 34 2
Hulda 102858726 361411827 11 05 48 3
Margene 270547985 248432268 11 56 35 1
Liane 204016613 186047106 06 13 12 1
Nicolas 185674899 249590436 07 14 24 3
Sharell 579298207 1268333019 15 07 34 2
Klara 829349828 249197859 14 43 26 2
Fidel 789068217 723360033 03 04 28 2
Carolann 718806243 654288631 21 00 38 2
Hulda 523384166 1279946948 01 47 28 1
Gia 841707122 251838773 13 46 50 2
Flavia 551914025 251843155 07 31 00 2
Theodora 177431046 116086274 11 13 03 3
Creola 295765588 729892361 17 08 51 3
Aisha 486521181 729313445 14 28 28 1
Harriette 716769047 1263995363 17 44 49 2
Logan 173405240 235437258 18 51 45 3
Alpha 474496399 723358930 21 10 38 3
