100
Jeffery 602643350 723360048 21 31 32 1
Agnus 551781307 729351481 16 39 06 7
Shawana 162480738 250090201 23 34 51 9
Ebonie 579102048 954702632 08 32 39 3
Louann 194618225 711049969 05 36 58 6
Earnestine 220460095 150568798 14 22 24 9
Matilda 991273861 1343593796 08 37 51 10
Jazmine 197847807 253107481 02 43 37 10
Sonya 667778235 146398744 08 59 28 8
Tod 397378481 520740267 04 51 20 7
Laraine 424888456 812701727 13 17 10 4
Shawana 549188193 1280919297 01 38 05 9
Clarence 497272648 724402584 17 51 47 1
Eleonor 936177683 250163649 16 01 03 10
Floria 615823440 724739173 05 05 50 6
Berry 921717470 215892285 21 34 56 3
Elias 164157081 724402488 06 29 55 7
Sterling 465746755 729921415 16 01 12 9
Deborah 808637738 738187054 13 19 26 9
Shery 969586176 738187072 20 33 20 3
Genaro 488781701 765343853 19 34 25 4
Moira 590065030 711248177 22 47 23 1
Denisse 345483199 1300835131 23 41 28 6
Liane 456436094 132860795 11 16 37 2
Antony 176635805 1117518756 00 34 55 7
Jesica 295986043 729328472 18 09 52 4
Karri 766485332 729357241 19 56 15 5
Emilio 738739683 1107523921 09 50 16 2
Talitha 119102642 1108098012 18 32 01 4
Arcelia 518209816 150713217 15 09 36 9
Genny 175204850 142218730 10 35 26 6
Lita 885359063 234655276 14 20 39 3
Moises 789186749 1324508255 21 31 04 2
Shauna 161527854 132865879 09 29 53 6
Jerald 255087492 1345207437 13 49 07 4
Solange 449537676 150714611 08 02 27 6
Collin 138136384 954702643 08 21 54 1
Rhiannon 606714301 1269976614 08 38 22 8
Jc 339357026 729351299 09 46 57 3
Justine 461322041 724779419 06 52 12 9
Solange 435450301 251839182 14 25 30 5
Jay 629701084 724748239 06 04 48 3
Linette 605183062 730147333 03 36 36 6
Matilda 661907039 615989861 20 49 57 1
Awilda 643808983 1107523966 10 48 22 3
Dorian 830407630 148976775 10 23 30 7
Nada 261374855 729986548 19 13 09 5
Alexandria 927882784 248397590 10 01 21 8
Sterling 712505399 566497376 08 41 38 1
Alpha 464351847 248419291 01 43 39 4
Everette 305274269 711049552 12 46 53 10
Rogelio 135204890 720096513 15 00 16 6
Leana 406605321 210674964 14 22 37 7
Kyung 975614557 223907749 09 17 46 3
Angelia 909630363 1268333073 14 22 46 9
Gia 827901203 954702727 15 29 10 5
Felton 975826164 247855472 00 42 00 5
Shauna 590541815 1117518593 23 58 00 1
Talitha 670013373 252024197 23 49 57 7
Delmar 138090008 711049421 22 18 28 7
Arcelia 455977120 729920244 02 16 05 7
Antonia 418478538 729397885 18 59 33 5
Genaro 884367381 954702609 04 35 36 8
Rudy 215871333 729397717 11 01 34 5
Samual 268260150 867504508 09 37 58 7
Raeann 999733976 765343863 17 45 14 2
Deborah 358936461 195885570 01 42 43 5
Anton 790433562 1345205543 07 02 13 8
Debi 350354058 1310940702 05 26 51 7
Luis 917000331 724739449 05 53 50 2
Hulda 144702293 1117519229 01 36 22 2
Brandon 429359487 781849357 07 37 08 3
Venice 155121717 724842433 03 44 47 2
Maynard 272071734 1107499683 05 33 26 4
Ebonie 629608622 654288587 19 49 51 3
Earnestine 355954601 144130936 10 15 51 10
Madge 255032398 799908904 18 35 52 10
Fabian 322120242 252024040 01 07 23 4
Yuk 112823585 100254862 13 19 51 5
Denisse 237245102 760854034 01 48 03 8
Moira 177934264 248395546 02 04 59 7
Jesica 961625657 150731548 16 05 34 5
Arlean 950866012 148185235 01 12 53 5
Brandon 723432775 251839473 10 58 41 9
Scottie 775935726 1107499727 10 40 45 7
Rima 995396073 210757171 16 58 58 7
Olinda 705115014 1269976650 23 05 21 3
Deborah 307919163 1268333119 20 08 53 3
Jerald 900649545 1287184366 07 33 09 5
Johnie 608629652 723395117 11 03 47 2
Moises 551277679 250733882 06 00 08 3
Raeann 868038404 760848382 20 52 32 3
Man 788608002 729328351 15 16 21 2
Fabian 910933519 250734823 04 05 14 3
Earnestine 339271072 150538597 23 50 06 7
Matilda 755871943 100250843 23 37 13 2
Luis 594424011 249591303 08 12 09 9
Elisabeth 709606617 224868576 03 01 53 6
Genny 296740520 723359570 16 55 53 7
Simone 132673712 723742589 06 56 42 4
